<?xml version="1.0" encoding="utf-8"?>
<COLLADA xmlns="http://www.collada.org/2005/11/COLLADASchema" version="1.4.1">
  <asset>
    <contributor>
      <author>Mixamo</author>
      <authoring_tool>COLLADA Mixamo exporter</authoring_tool>
      <comments/>
    </contributor>
    <created>2023-03-14T04:28:04Z</created>
    <modified>2023-03-14T04:28:04Z</modified>
    <revision/>
    <title/>
    <unit meter="0.010000"/>
    <up_axis>Y_UP</up_axis>
  </asset>
  <library_animations>
    <animation id="mixamorig_Hips-anim" name="mixamorig_Hips">
      <source id="mixamorig_Hips-Matrix-animation-input">
        <float_array id="mixamorig_Hips-Matrix-animation-input-array" count="46">

0.000000 0.033333 0.066667 0.100000 0.133333 0.166667 0.200000 0.233333 0.266667 0.300000 0.333333 0.366667 0.400000 0.433333 0.466667 0.500000
0.533333 0.566667 0.600000 0.633333 0.666667 0.700000 0.733333 0.766667 0.800000 0.833333 0.866667 0.900000 0.933333 0.966667 1.000000 1.033333
1.066667 1.100000 1.133333 1.166667 1.200000 1.233333 1.266667 1.300000 1.333333 1.366667 1.400000 1.433333 1.466667 1.500000</float_array>
        <technique_common>
          <accessor source="#mixamorig_Hips-Matrix-animation-input-array" count="46">
            <param name="TIME" type="float"/>
          </accessor>
        </technique_common>
      </source>
      <source id="mixamorig_Hips-Matrix-animation-output-transform">
        <float_array id="mixamorig_Hips-Matrix-animation-output-transform-array" count="736">

0.582575 -0.129404 -0.802409 -0.844606 -0.018119 0.984931 -0.171994 88.125671 0.812575 0.114738 0.571452 0.706215 0.000000 0.000000 0.000000 1.000000
0.572729 -0.153376 -0.805269 -0.488556 0.005427 0.983028 -0.183373 88.150078 0.819727 0.100652 0.563841 0.083933 0.000000 0.000000 0.000000 1.000000
0.563802 -0.177998 -0.806501 0.042946 0.029466 0.980213 -0.195738 88.128174 0.825384 0.086593 0.557891 0.129578 0.000000 0.000000 0.000000 1.000000
0.553528 -0.201891 -0.807990 0.693041 0.052931 0.976739 -0.207795 88.090782 0.831147 0.072253 0.551338 0.534981 0.000000 0.000000 0.000000 1.000000
0.539853 -0.224032 -0.811399 1.368206 0.075603 0.972941 -0.218333 88.056168 0.838357 0.056523 0.542183 1.276310 0.000000 0.000000 0.000000 1.000000
0.520215 -0.241437 -0.819197 1.953778 0.093544 0.969545 -0.226345 87.914124 0.848897 0.041117 0.526957 2.446635 0.000000 0.000000 0.000000 1.000000
0.489073 -0.250982 -0.835354 2.110357 0.103161 0.967630 -0.230327 87.516228 0.866121 0.026471 0.499133 4.503126 0.000000 0.000000 0.000000 1.000000
0.463367 -0.275058 -0.842398 1.964686 0.113975 0.961212 -0.251160 87.064743 0.878807 0.020367 0.476743 7.068896 0.000000 0.000000 0.000000 1.000000
0.443018 -0.297413 -0.845743 1.699355 0.111955 0.954338 -0.276957 86.431213 0.889495 0.028012 0.456085 9.764385 0.000000 0.000000 0.000000 1.000000
0.448718 -0.315915 -0.835972 1.759620 0.106980 0.947696 -0.300712 85.645020 0.887247 0.045502 0.459045 12.607259 0.000000 0.000000 0.000000 1.000000
0.486928 -0.324008 -0.811122 2.300499 0.098087 0.943061 -0.317829 84.886200 0.867917 0.075200 0.490984 15.691299 0.000000 0.000000 0.000000 1.000000
0.545012 -0.304546 -0.781162 3.020220 0.075390 0.945724 -0.316104 84.694351 0.835032 0.113388 0.538391 19.001205 0.000000 0.000000 0.000000 1.000000
0.625041 -0.259828 -0.736080 3.619643 0.038004 0.951987 -0.303771 84.768158 0.779667 0.161895 0.604905 22.790600 0.000000 0.000000 0.000000 1.000000
0.724860 -0.193203 -0.661249 4.084890 -0.010216 0.956747 -0.290741 84.902245 0.688820 0.217502 0.691534 27.122601 0.000000 0.000000 0.000000 1.000000
0.848465 -0.115077 -0.516590 4.517838 -0.037830 0.960392 -0.276073 84.063995 0.527898 0.253781 0.810505 32.013226 0.000000 0.000000 0.000000 1.000000
0.941646 -0.050014 -0.332867 5.081525 -0.041299 0.964262 -0.261713 82.336838 0.334061 0.260188 0.905928 36.369469 0.000000 0.000000 0.000000 1.000000
0.986590 -0.037655 -0.158814 5.491686 -0.003731 0.967567 -0.252587 80.200455 0.163174 0.249792 0.954452 39.327850 0.000000 0.000000 0.000000 1.000000
0.998956 -0.045645 0.001621 5.749339 0.044681 0.969247 -0.242000 78.162697 0.009475 0.241820 0.970275 41.764526 0.000000 0.000000 0.000000 1.000000
0.990627 -0.044593 0.129112 5.798759 0.076413 0.964390 -0.253204 76.787125 -0.113223 0.260697 0.958758 44.070938 0.000000 0.000000 0.000000 1.000000
0.974514 -0.027028 0.222694 5.720292 0.091265 0.954615 -0.283515 76.040680 -0.204924 0.296613 0.932752 46.196957 0.000000 0.000000 0.000000 1.000000
0.957649 -0.003057 0.287921 5.519550 0.100760 0.940278 -0.325154 75.659279 -0.269731 0.340395 0.900764 47.960724 0.000000 0.000000 0.000000 1.000000
0.945513 0.022802 0.324784 5.213869 0.106161 0.921435 -0.373748 75.567039 -0.307789 0.387863 0.868808 49.263348 0.000000 0.000000 0.000000 1.000000
0.938334 0.050566 0.342013 4.817624 0.107584 0.897426 -0.427845 75.662788 -0.328566 0.438257 0.836645 50.248783 0.000000 0.000000 0.000000 1.000000
0.932223 0.079127 0.353129 4.408619 0.108512 0.869783 -0.481355 75.786606 -0.345233 0.487049 0.802245 51.140106 0.000000 0.000000 0.000000 1.000000
0.927315 0.107317 0.358566 4.010162 0.108477 0.839831 -0.531898 75.917015 -0.358217 0.532134 0.767147 51.923309 0.000000 0.000000 0.000000 1.000000
0.925878 0.132247 0.353921 3.671505 0.103943 0.811437 -0.575123 76.063843 -0.363243 0.569282 0.737545 52.453484 0.000000 0.000000 0.000000 1.000000
0.936228 0.144164 0.320460 3.602091 0.080738 0.799316 -0.595462 76.309761 -0.341993 0.583362 0.736702 52.164852 0.000000 0.000000 0.000000 1.000000
0.948430 0.151757 0.278299 3.609042 0.051779 0.791991 -0.608333 76.584404 -0.312729 0.591372 0.743290 51.645786 0.000000 0.000000 0.000000 1.000000
0.961490 0.154447 0.227339 3.684954 0.018550 0.788815 -0.614351 76.876923 -0.274213 0.594910 0.755573 50.925377 0.000000 0.000000 0.000000 1.000000
0.977428 0.144871 0.153778 3.942492 -0.022872 0.796152 -0.604664 77.199631 -0.210029 0.587498 0.781495 49.704994 0.000000 0.000000 0.000000 1.000000
0.989573 0.126811 0.068299 4.252475 -0.062754 0.806404 -0.588026 77.448158 -0.129645 0.577608 0.805953 48.309761 0.000000 0.000000 0.000000 1.000000
0.994164 0.086755 -0.064126 4.682674 -0.107705 0.832273 -0.543802 77.497360 0.006193 0.547535 0.836760 46.183605 0.000000 0.000000 0.000000 1.000000
0.968773 0.064600 -0.239386 4.782681 -0.173272 0.866975 -0.467260 77.492867 0.177356 0.494147 0.851095 43.897030 0.000000 0.000000 0.000000 1.000000
0.908166 0.045133 -0.416170 4.849740 -0.217774 0.899986 -0.377624 77.789917 0.357504 0.433576 0.827165 41.335461 0.000000 0.000000 0.000000 1.000000
0.840515 0.019667 -0.541431 4.510406 -0.213141 0.930763 -0.297070 79.197258 0.498101 0.365093 0.786513 38.128368 0.000000 0.000000 0.000000 1.000000
0.787153 -0.017807 -0.616501 3.875513 -0.185893 0.946249 -0.264681 80.687943 0.588076 0.322948 0.741533 34.019058 0.000000 0.000000 0.000000 1.000000
0.753324 -0.056632 -0.655206 3.256144 -0.151585 0.954507 -0.256786 81.976517 0.639941 0.292762 0.710469 29.590246 0.000000 0.000000 0.000000 1.000000
0.721760 -0.093142 -0.685847 2.636243 -0.115834 0.960674 -0.252365 83.246407 0.682381 0.261592 0.682587 24.937868 0.000000 0.000000 0.000000 1.000000
0.692113 -0.124709 -0.710934 2.030210 -0.082128 0.964958 -0.249222 84.455399 0.717101 0.230877 0.657618 20.258520 0.000000 0.000000 0.000000 1.000000
0.665169 -0.147736 -0.731932 1.405310 -0.054920 0.967897 -0.245275 85.443451 0.744670 0.203347 0.635702 15.812532 0.000000 0.000000 0.000000 1.000000
0.635591 -0.157992 -0.755687 0.801949 -0.037206 0.971430 -0.234391 86.180901 0.771129 0.177093 0.611554 11.833746 0.000000 0.000000 0.000000 1.000000
0.618212 -0.155161 -0.770545 0.418267 -0.030905 0.974766 -0.221079 86.629028 0.785404 0.160488 0.597816 9.179929 0.000000 0.000000 0.000000 1.000000
0.606710 -0.149783 -0.780684 0.089941 -0.026950 0.977647 -0.208517 87.019592 0.794466 0.147549 0.589112 6.912253 0.000000 0.000000 0.000000 1.000000
0.598469 -0.142513 -0.788368 -0.206764 -0.025214 0.980213 -0.196333 87.349495 0.800749 0.137377 0.583034 4.891203 0.000000 0.000000 0.000000 1.000000
0.591314 -0.135471 -0.794982 -0.510358 -0.022588 0.982620 -0.184248 87.712952 0.806125 0.126905 0.577977 2.880705 0.000000 0.000000 0.000000 1.000000
0.582575 -0.129404 -0.802409 -0.844604 -0.018119 0.984931 -0.171994 88.125694 0.812575 0.114738 0.571452 0.706220 0.000000 0.000000 0.000000 1.000000</float_array>
        <technique_common>
          <accessor source="#mixamorig_Hips-Matrix-animation-output-transform-array" count="46" stride="16">
            <param type="float4x4"/>
          </accessor>
        </technique_common>
      </source>
      <source id="mixamorig_Hips-Interpolations">
        <Name_array id="mixamorig_Hips-Interpolations-array" count="46">
 LINEAR LINEAR LINEAR LINEAR LINEAR LINEAR LINEAR LINEAR LINEAR LINEAR LINEAR
LINEAR LINEAR LINEAR LINEAR LINEAR LINEAR LINEAR LINEAR LINEAR LINEAR LINEAR LINEAR
LINEAR LINEAR LINEAR LINEAR LINEAR LINEAR LINEAR LINEAR LINEAR LINEAR LINEAR LINEAR
LINEAR LINEAR LINEAR LINEAR LINEAR LINEAR LINEAR LINEAR LINEAR LINEAR LINEAR</Name_array>
        <technique_common>
          <accessor source="#mixamorig_Hips-Interpolations-array" count="46">
            <param type="name"/>
          </accessor>
        </technique_common>
      </source>
      <sampler id="mixamorig_Hips-Matrix-animation-transform">
        <input semantic="INPUT" source="#mixamorig_Hips-Matrix-animation-input"/>
        <input semantic="OUTPUT" source="#mixamorig_Hips-Matrix-animation-output-transform"/>
        <input semantic="INTERPOLATION" source="#mixamorig_Hips-Interpolations"/>
      </sampler>
      <channel source="#mixamorig_Hips-Matrix-animation-transform" target="mixamorig_Hips/matrix"/>
    </animation>
    <animation id="mixamorig_Spine-anim" name="mixamorig_Spine">
      <source id="mixamorig_Spine-Matrix-animation-input">
        <float_array id="mixamorig_Spine-Matrix-animation-input-array" count="46">

0.000000 0.033333 0.066667 0.100000 0.133333 0.166667 0.200000 0.233333 0.266667 0.300000 0.333333 0.366667 0.400000 0.433333 0.466667 0.500000
0.533333 0.566667 0.600000 0.633333 0.666667 0.700000 0.733333 0.766667 0.800000 0.833333 0.866667 0.900000 0.933333 0.966667 1.000000 1.033333
1.066667 1.100000 1.133333 1.166667 1.200000 1.233333 1.266667 1.300000 1.333333 1.366667 1.400000 1.433333 1.466667 1.500000</float_array>
        <technique_common>
          <accessor source="#mixamorig_Spine-Matrix-animation-input-array" count="46">
            <param name="TIME" type="float"/>
          </accessor>
        </technique_common>
      </source>
      <source id="mixamorig_Spine-Matrix-animation-output-transform">
        <float_array id="mixamorig_Spine-Matrix-animation-output-transform-array" count="736">

0.996749 0.041061 0.069328 0.000000 -0.043324 0.998566 0.031462 10.182400 -0.067936 -0.034363 0.997098 0.000000 0.000000 0.000000 0.000000 1.000000
0.997887 0.021900 0.061175 -0.000000 -0.024081 0.999092 0.035147 10.182400 -0.060350 -0.036546 0.997508 0.000000 0.000000 0.000000 0.000000 1.000000
0.999146 0.004104 0.041106 0.000000 -0.005391 0.999497 0.031253 10.182400 -0.040957 -0.031448 0.998666 -0.000000 0.000000 0.000000 0.000000 1.000000
0.999848 -0.011796 0.012824 0.000000 0.011554 0.999758 0.018742 10.182400 -0.013042 -0.018591 0.999742 0.000000 0.000000 0.000000 0.000000 1.000000
0.999493 -0.024461 -0.020359 0.000000 0.024533 0.999694 0.003259 10.182400 0.020273 -0.003757 0.999787 -0.000000 0.000000 0.000000 0.000000 1.000000
0.997916 -0.036035 -0.053533 0.000000 0.035566 0.999320 -0.009679 10.182400 0.053845 0.007755 0.998519 0.000000 0.000000 0.000000 0.000000 1.000000
0.995496 -0.046164 -0.082800 0.000000 0.045400 0.998907 -0.011095 10.182400 0.083222 0.007286 0.996504 0.000000 0.000000 0.000000 0.000000 1.000000
0.992213 -0.054082 -0.112198 0.000000 0.055402 0.998426 0.008676 10.182400 0.111552 -0.014824 0.993648 0.000000 0.000000 0.000000 0.000000 1.000000
0.988861 -0.060695 -0.135902 0.000000 0.065535 0.997355 0.031420 10.182400 0.133636 -0.039976 0.990224 0.000000 0.000000 0.000000 0.000000 1.000000
0.986206 -0.063555 -0.152832 0.000000 0.072649 0.995858 0.054671 10.182400 0.148725 -0.065020 0.986739 0.000000 0.000000 0.000000 0.000000 1.000000
0.985108 -0.062471 -0.160183 0.000000 0.075974 0.993927 0.079608 10.182400 0.154237 -0.090592 0.983872 0.000000 0.000000 0.000000 0.000000 1.000000
0.988638 -0.054358 -0.140144 0.000000 0.065801 0.994752 0.078355 10.182400 0.135150 -0.086686 0.987026 -0.000000 0.000000 0.000000 0.000000 1.000000
0.994930 -0.042622 -0.091091 0.000000 0.048945 0.996460 0.068346 10.182400 0.087856 -0.072458 0.993494 0.000000 0.000000 0.000000 0.000000 1.000000
0.999359 -0.030899 -0.018071 -0.000000 0.031789 0.998180 0.051250 10.182400 0.016454 -0.051792 0.998522 0.000000 0.000000 0.000000 0.000000 1.000000
0.998496 -0.014733 0.052815 0.000000 0.013437 0.999602 0.024825 10.182400 -0.053160 -0.024078 0.998296 0.000000 0.000000 0.000000 0.000000 1.000000
0.994834 0.012897 0.100696 0.000000 -0.011869 0.999871 -0.010799 10.182400 -0.100823 0.009548 0.994859 -0.000000 0.000000 0.000000 0.000000 1.000000
0.989991 0.065701 0.124907 0.000000 -0.058530 0.996466 -0.060246 10.182400 -0.128424 0.052332 0.990338 -0.000000 0.000000 0.000000 0.000000 1.000000
0.981680 0.124123 0.144559 0.000000 -0.108609 0.987902 -0.110698 10.182400 -0.156550 0.092970 0.983285 0.000000 0.000000 0.000000 0.000000 1.000000
0.968912 0.164811 0.184518 0.000000 -0.139278 0.979762 -0.143767 10.182400 -0.204478 0.113598 0.972257 0.000000 0.000000 0.000000 0.000000 1.000000
0.950713 0.189111 0.245729 0.000000 -0.152507 0.975190 -0.160456 10.182400 -0.269976 0.115072 0.955966 -0.000000 0.000000 0.000000 0.000000 1.000000
0.931804 0.212030 0.294593 0.000000 -0.166605 0.970934 -0.171842 10.182400 -0.322466 0.111042 0.940045 0.000000 0.000000 0.000000 0.000000 1.000000
0.918060 0.236809 0.317944 -0.000000 -0.186705 0.965749 -0.180196 10.182400 -0.349726 0.106069 0.930828 0.000000 0.000000 0.000000 0.000000 1.000000
0.907481 0.261099 0.329098 0.000000 -0.209309 0.960252 -0.184678 10.182400 -0.364236 0.098709 0.926061 -0.000000 0.000000 0.000000 0.000000 1.000000
0.897309 0.284784 0.337245 -0.000000 -0.232053 0.954281 -0.188411 10.182400 -0.375483 0.090805 0.922370 0.000000 0.000000 0.000000 0.000000 1.000000
0.887744 0.307284 0.342763 0.000000 -0.254285 0.948021 -0.191302 10.182400 -0.383730 0.082668 0.919737 0.000000 0.000000 0.000000 0.000000 1.000000
0.880854 0.326382 0.342887 -0.000000 -0.274651 0.942305 -0.191385 10.182400 -0.385568 0.074408 0.919674 -0.000000 0.000000 0.000000 0.000000 1.000000
0.884662 0.333263 0.326049 0.000000 -0.287640 0.940505 -0.180867 10.182400 -0.366927 0.066221 0.927890 0.000000 0.000000 0.000000 0.000000 1.000000
0.891023 0.336699 0.304487 0.000000 -0.298049 0.939818 -0.167061 10.182400 -0.342411 0.058103 0.937752 -0.000000 0.000000 0.000000 0.000000 1.000000
0.898924 0.337597 0.279220 0.000000 -0.306158 0.939957 -0.150826 10.182400 -0.313373 0.050096 0.948308 0.000000 0.000000 0.000000 0.000000 1.000000
0.910567 0.332355 0.245780 -0.000000 -0.308825 0.942200 -0.129947 10.182400 -0.274763 0.042422 0.960576 0.000000 0.000000 0.000000 0.000000 1.000000
0.921570 0.324883 0.212506 0.000000 -0.307957 0.945093 -0.109367 10.182400 -0.236370 0.035347 0.971020 0.000000 0.000000 0.000000 0.000000 1.000000
0.932240 0.315747 0.176729 -0.000000 -0.304278 0.948384 -0.089342 10.182400 -0.195816 0.029513 0.980196 0.000000 0.000000 0.000000 0.000000 1.000000
0.941763 0.303243 0.145347 0.000000 -0.294357 0.952366 -0.079703 10.182400 -0.162593 0.032277 0.986165 -0.000000 0.000000 0.000000 0.000000 1.000000
0.951683 0.288279 0.105800 0.000000 -0.281363 0.956615 -0.075644 10.182400 -0.123017 0.042221 0.991506 0.000000 0.000000 0.000000 0.000000 1.000000
0.959505 0.271916 0.073559 0.000000 -0.267357 0.961322 -0.066181 10.182400 -0.088710 0.043835 0.995093 0.000000 0.000000 0.000000 0.000000 1.000000
0.965769 0.255331 0.045780 0.000000 -0.253444 0.966383 -0.043237 10.182400 -0.055281 0.030155 0.998015 0.000000 0.000000 0.000000 0.000000 1.000000
0.970837 0.237939 0.029326 0.000000 -0.237491 0.971223 -0.017980 10.182400 -0.032761 0.010491 0.999408 0.000000 0.000000 0.000000 0.000000 1.000000
0.975445 0.219790 0.014091 0.000000 -0.219920 0.975482 0.008417 10.182400 -0.011896 -0.011310 0.999865 0.000000 0.000000 0.000000 0.000000 1.000000
0.979778 0.200062 0.003125 0.000000 -0.200064 0.979314 0.030306 10.182400 0.003003 -0.030319 0.999536 0.000000 0.000000 0.000000 0.000000 1.000000
0.983954 0.178360 0.004705 -0.000000 -0.178409 0.983226 0.037916 10.182400 0.002137 -0.038147 0.999270 -0.000000 0.000000 0.000000 0.000000 1.000000
0.987713 0.155616 0.014368 -0.000000 -0.155979 0.987331 0.029129 10.182400 -0.009653 -0.031012 0.999472 0.000000 0.000000 0.000000 0.000000 1.000000
0.990840 0.132581 0.025646 0.000000 -0.133207 0.990786 0.024485 10.182400 -0.022163 -0.027677 0.999371 0.000000 0.000000 0.000000 0.000000 1.000000
0.993299 0.109580 0.036722 -0.000000 -0.110497 0.993588 0.023945 10.182400 -0.033863 -0.027842 0.999039 0.000000 0.000000 0.000000 0.000000 1.000000
0.995157 0.085766 0.048027 0.000000 -0.087081 0.995862 0.026002 10.182400 -0.045598 -0.030058 0.998508 0.000000 0.000000 0.000000 0.000000 1.000000
0.996278 0.063003 0.058832 0.000000 -0.064793 0.997476 0.029027 10.182400 -0.056855 -0.032731 0.997846 -0.000000 0.000000 0.000000 0.000000 1.000000
0.996749 0.041060 0.069327 0.000000 -0.043324 0.998566 0.031462 10.182400 -0.067936 -0.034363 0.997098 -0.000000 0.000000 0.000000 0.000000 1.000000</float_array>
        <technique_common>
          <accessor source="#mixamorig_Spine-Matrix-animation-output-transform-array" count="46" stride="16">
            <param type="float4x4"/>
          </accessor>
        </technique_common>
      </source>
      <source id="mixamorig_Spine-Interpolations">
        <Name_array id="mixamorig_Spine-Interpolations-array" count="46">
 LINEAR LINEAR LINEAR LINEAR LINEAR LINEAR LINEAR LINEAR LINEAR LINEAR LINEAR
LINEAR LINEAR LINEAR LINEAR LINEAR LINEAR LINEAR LINEAR LINEAR LINEAR LINEAR LINEAR
LINEAR LINEAR LINEAR LINEAR LINEAR LINEAR LINEAR LINEAR LINEAR LINEAR LINEAR LINEAR
LINEAR LINEAR LINEAR LINEAR LINEAR LINEAR LINEAR LINEAR LINEAR LINEAR LINEAR</Name_array>
        <technique_common>
          <accessor source="#mixamorig_Spine-Interpolations-array" count="46">
            <param type="name"/>
          </accessor>
        </technique_common>
      </source>
      <sampler id="mixamorig_Spine-Matrix-animation-transform">
        <input semantic="INPUT" source="#mixamorig_Spine-Matrix-animation-input"/>
        <input semantic="OUTPUT" source="#mixamorig_Spine-Matrix-animation-output-transform"/>
        <input semantic="INTERPOLATION" source="#mixamorig_Spine-Interpolations"/>
      </sampler>
      <channel source="#mixamorig_Spine-Matrix-animation-transform" target="mixamorig_Spine/matrix"/>
    </animation>
    <animation id="mixamorig_Spine1-anim" name="mixamorig_Spine1">
      <source id="mixamorig_Spine1-Matrix-animation-input">
        <float_array id="mixamorig_Spine1-Matrix-animation-input-array" count="46">

0.000000 0.033333 0.066667 0.100000 0.133333 0.166667 0.200000 0.233333 0.266667 0.300000 0.333333 0.366667 0.400000 0.433333 0.466667 0.500000
0.533333 0.566667 0.600000 0.633333 0.666667 0.700000 0.733333 0.766667 0.800000 0.833333 0.866667 0.900000 0.933333 0.966667 1.000000 1.033333
1.066667 1.100000 1.133333 1.166667 1.200000 1.233333 1.266667 1.300000 1.333333 1.366667 1.400000 1.433333 1.466667 1.500000</float_array>
        <technique_common>
          <accessor source="#mixamorig_Spine1-Matrix-animation-input-array" count="46">
            <param name="TIME" type="float"/>
          </accessor>
        </technique_common>
      </source>
      <source id="mixamorig_Spine1-Matrix-animation-output-transform">
        <float_array id="mixamorig_Spine1-Matrix-animation-output-transform-array" count="736">

0.998870 -0.043761 0.018561 0.000000 0.044152 0.998800 -0.021196 10.002700 -0.017611 0.021991 0.999603 -0.000000 0.000000 0.000000 0.000000 1.000000
0.999047 -0.040321 0.016740 -0.000000 0.040497 0.999126 -0.010320 10.002700 -0.016309 0.010988 0.999807 -0.000000 0.000000 0.000000 0.000000 1.000000
0.999436 -0.031421 0.011874 0.000000 0.031359 0.999494 0.005391 10.002700 -0.012037 -0.005015 0.999915 0.000000 0.000000 0.000000 0.000000 1.000000
0.999804 -0.019192 0.004873 -0.000000 0.019139 0.999759 0.010756 10.002700 -0.005079 -0.010660 0.999930 0.000000 0.000000 0.000000 0.000000 1.000000
0.999978 -0.005769 -0.003312 -0.000000 0.005815 0.999887 0.013873 10.002700 0.003231 -0.013892 0.999898 0.000000 0.000000 0.000000 0.000000 1.000000
0.999909 0.006708 -0.011733 0.000000 -0.006513 0.999840 0.016639 10.002700 0.011843 -0.016561 0.999793 0.000000 0.000000 0.000000 0.000000 1.000000
0.999681 0.016103 -0.019448 0.000000 -0.015748 0.999709 0.018270 10.002700 0.019737 -0.017958 0.999644 0.000000 0.000000 0.000000 0.000000 1.000000
0.999397 0.020638 -0.027921 0.000000 -0.020044 0.999570 0.021389 10.002700 0.028350 -0.020816 0.999381 0.000000 0.000000 0.000000 0.000000 1.000000
0.999085 0.024291 -0.035207 0.000000 -0.023473 0.999449 0.023451 10.002700 0.035757 -0.022603 0.999105 0.000000 0.000000 0.000000 0.000000 1.000000
0.998824 0.026494 -0.040612 0.000000 -0.025474 0.999352 0.025430 10.002700 0.041259 -0.024365 0.998851 0.000000 0.000000 0.000000 0.000000 1.000000
0.998686 0.027851 -0.043027 0.000000 -0.026637 0.999238 0.028540 10.002700 0.043789 -0.027357 0.998666 0.000000 0.000000 0.000000 0.000000 1.000000
0.999031 0.023150 -0.037435 0.000000 -0.022085 0.999346 0.028624 10.002700 0.038073 -0.027770 0.998889 -0.000000 0.000000 0.000000 0.000000 1.000000
0.999618 0.013163 -0.024321 -0.000000 -0.012424 0.999464 0.030275 10.002700 0.024706 -0.029961 0.999246 0.000000 0.000000 0.000000 0.000000 1.000000
0.999987 -0.000514 -0.005147 0.000000 0.000685 0.999446 0.033273 10.002700 0.005128 -0.033277 0.999433 0.000000 0.000000 0.000000 0.000000 1.000000
0.999844 -0.011169 0.013703 -0.000000 0.010748 0.999479 0.030420 10.002700 -0.014035 -0.030268 0.999443 -0.000000 0.000000 0.000000 0.000000 1.000000
0.999505 -0.012362 0.028939 0.000000 0.011660 0.999637 0.024293 10.002700 -0.029229 -0.023944 0.999286 0.000000 0.000000 0.000000 0.000000 1.000000
0.999191 -0.007479 0.039524 -0.000000 0.006971 0.999891 0.012981 10.002700 -0.039617 -0.012695 0.999134 -0.000000 0.000000 0.000000 0.000000 1.000000
0.998786 0.000220 0.049249 0.000000 -0.000211 1.000000 -0.000201 10.002700 -0.049249 0.000190 0.998786 -0.000000 0.000000 0.000000 0.000000 1.000000
0.997962 0.008984 0.063170 0.000000 -0.008173 0.999881 -0.013075 10.002700 -0.063280 0.012532 0.997917 0.000000 0.000000 0.000000 0.000000 1.000000
0.996459 0.019383 0.081820 0.000000 -0.017270 0.999501 -0.026448 10.002700 -0.082292 0.024941 0.996296 0.000000 0.000000 0.000000 0.000000 1.000000
0.994863 0.030422 0.096547 -0.000000 -0.026827 0.998905 -0.038320 10.002700 -0.097608 0.035533 0.994590 -0.000000 0.000000 0.000000 0.000000 1.000000
0.993757 0.041208 0.103680 0.000000 -0.036463 0.998217 -0.047257 10.002700 -0.105443 0.043181 0.993487 0.000000 0.000000 0.000000 0.000000 1.000000
0.992935 0.051697 0.106802 0.000000 -0.046069 0.997450 -0.054508 10.002700 -0.109348 0.049203 0.992785 -0.000000 0.000000 0.000000 0.000000 1.000000
0.992103 0.062047 0.109006 0.000000 -0.055587 0.996568 -0.061336 10.002700 -0.112437 0.054792 0.992147 -0.000000 0.000000 0.000000 0.000000 1.000000
0.991265 0.072059 0.110460 -0.000000 -0.064842 0.995603 -0.067599 10.002700 -0.114846 0.059847 0.991579 -0.000000 0.000000 0.000000 0.000000 1.000000
0.990587 0.080985 0.110360 -0.000000 -0.073271 0.994691 -0.072256 10.002700 -0.115626 0.063489 0.991262 0.000000 0.000000 0.000000 0.000000 1.000000
0.990719 0.085931 0.105320 0.000000 -0.078689 0.994361 -0.071094 10.002700 -0.110836 0.062147 0.991894 -0.000000 0.000000 0.000000 0.000000 1.000000
0.991051 0.089626 0.098918 0.000000 -0.083102 0.994203 -0.068219 10.002700 -0.104459 0.059389 0.992754 -0.000000 0.000000 0.000000 0.000000 1.000000
0.991581 0.091703 0.091425 0.000000 -0.086067 0.994244 -0.063802 10.002700 -0.096750 0.055396 0.993766 -0.000000 0.000000 0.000000 0.000000 1.000000
0.992708 0.088897 0.081413 0.000000 -0.084518 0.994861 -0.055746 10.002700 -0.085950 0.048459 0.995120 0.000000 0.000000 0.000000 0.000000 1.000000
0.994144 0.081386 0.071089 0.000000 -0.078174 0.995838 -0.046854 10.002700 -0.074606 0.041023 0.996369 0.000000 0.000000 0.000000 0.000000 1.000000
0.996286 0.062681 0.059042 0.000000 -0.060691 0.997545 -0.034926 10.002700 -0.061086 0.031213 0.997644 0.000000 0.000000 0.000000 0.000000 1.000000
0.997535 0.049993 0.049246 -0.000000 -0.048776 0.998481 -0.025615 10.002700 -0.050451 0.023150 0.998458 0.000000 0.000000 0.000000 0.000000 1.000000
0.998373 0.042649 0.037841 -0.000000 -0.042110 0.999001 -0.014926 10.002700 -0.038439 0.013308 0.999172 0.000000 0.000000 0.000000 0.000000 1.000000
0.998950 0.036453 0.027754 0.000000 -0.036245 0.999311 -0.007991 10.002700 -0.028026 0.006976 0.999583 0.000000 0.000000 0.000000 0.000000 1.000000
0.999262 0.032481 0.020503 0.000000 -0.032418 0.999469 -0.003402 10.002700 -0.020603 0.002735 0.999784 0.000000 0.000000 0.000000 0.000000 1.000000
0.999410 0.030974 0.014876 0.000000 -0.030986 0.999520 0.000596 10.002700 -0.014850 -0.001056 0.999889 0.000000 0.000000 0.000000 0.000000 1.000000
0.999475 0.030936 0.009601 0.000000 -0.030989 0.999506 0.005325 10.002700 -0.009431 -0.005620 0.999940 0.000000 0.000000 0.000000 0.000000 1.000000
0.999494 0.031296 0.005756 -0.000000 -0.031350 0.999463 0.009559 10.002700 -0.005454 -0.009735 0.999938 -0.000000 0.000000 0.000000 0.000000 1.000000
0.999507 0.030810 0.005970 0.000000 -0.030879 0.999453 0.011834 10.002700 -0.005602 -0.012013 0.999912 0.000000 0.000000 0.000000 0.000000 1.000000
0.999576 0.027897 0.008344 0.000000 -0.027989 0.999546 0.011134 10.002700 -0.008030 -0.011363 0.999903 0.000000 0.000000 0.000000 0.000000 1.000000
0.999802 0.016886 0.010555 0.000000 -0.016951 0.999838 0.006116 10.002700 -0.010450 -0.006293 0.999926 0.000000 0.000000 0.000000 0.000000 1.000000
0.999916 0.002967 0.012623 -0.000000 -0.002964 0.999996 -0.000228 10.002700 -0.012624 0.000191 0.999920 0.000000 0.000000 0.000000 0.000000 1.000000
0.999814 -0.012613 0.014607 0.000000 0.012721 0.999893 -0.007290 10.002700 -0.014513 0.007475 0.999867 0.000000 0.000000 0.000000 0.000000 1.000000
0.999453 -0.028605 0.016566 0.000000 0.028846 0.999479 -0.014475 10.002700 -0.016144 0.014945 0.999758 -0.000000 0.000000 0.000000 0.000000 1.000000
0.998870 -0.043761 0.018560 0.000000 0.044152 0.998800 -0.021196 10.002700 -0.017611 0.021991 0.999603 -0.000000 0.000000 0.000000 0.000000 1.000000</float_array>
        <technique_common>
          <accessor source="#mixamorig_Spine1-Matrix-animation-output-transform-array" count="46" stride="16">
            <param type="float4x4"/>
          </accessor>
        </technique_common>
      </source>
      <source id="mixamorig_Spine1-Interpolations">
        <Name_array id="mixamorig_Spine1-Interpolations-array" count="46">
 LINEAR LINEAR LINEAR LINEAR LINEAR LINEAR LINEAR LINEAR LINEAR LINEAR LINEAR
LINEAR LINEAR LINEAR LINEAR LINEAR LINEAR LINEAR LINEAR LINEAR LINEAR LINEAR LINEAR
LINEAR LINEAR LINEAR LINEAR LINEAR LINEAR LINEAR LINEAR LINEAR LINEAR LINEAR LINEAR
LINEAR LINEAR LINEAR LINEAR LINEAR LINEAR LINEAR LINEAR LINEAR LINEAR LINEAR</Name_array>
        <technique_common>
          <accessor source="#mixamorig_Spine1-Interpolations-array" count="46">
            <param type="name"/>
          </accessor>
        </technique_common>
      </source>
      <sampler id="mixamorig_Spine1-Matrix-animation-transform">
        <input semantic="INPUT" source="#mixamorig_Spine1-Matrix-animation-input"/>
        <input semantic="OUTPUT" source="#mixamorig_Spine1-Matrix-animation-output-transform"/>
        <input semantic="INTERPOLATION" source="#mixamorig_Spine1-Interpolations"/>
      </sampler>
      <channel source="#mixamorig_Spine1-Matrix-animation-transform" target="mixamorig_Spine1/matrix"/>
    </animation>
    <animation id="mixamorig_Spine2-anim" name="mixamorig_Spine2">
      <source id="mixamorig_Spine2-Matrix-animation-input">
        <float_array id="mixamorig_Spine2-Matrix-animation-input-array" count="46">

0.000000 0.033333 0.066667 0.100000 0.133333 0.166667 0.200000 0.233333 0.266667 0.300000 0.333333 0.366667 0.400000 0.433333 0.466667 0.500000
0.533333 0.566667 0.600000 0.633333 0.666667 0.700000 0.733333 0.766667 0.800000 0.833333 0.866667 0.900000 0.933333 0.966667 1.000000 1.033333
1.066667 1.100000 1.133333 1.166667 1.200000 1.233333 1.266667 1.300000 1.333333 1.366667 1.400000 1.433333 1.466667 1.500000</float_array>
        <technique_common>
          <accessor source="#mixamorig_Spine2-Matrix-animation-input-array" count="46">
            <param name="TIME" type="float"/>
          </accessor>
        </technique_common>
      </source>
      <source id="mixamorig_Spine2-Matrix-animation-output-transform">
        <float_array id="mixamorig_Spine2-Matrix-animation-output-transform-array" count="736">

0.999575 -0.020934 0.020274 0.000000 0.021525 0.999336 -0.029409 9.322100 -0.019645 0.029833 0.999362 0.000000 0.000000 0.000000 0.000000 1.000000
0.999628 -0.019878 0.018651 0.000000 0.020276 0.999566 -0.021369 9.322100 -0.018218 0.021739 0.999598 -0.000000 0.000000 0.000000 0.000000 1.000000
0.999791 -0.014698 0.014234 0.000000 0.014847 0.999835 -0.010421 9.322100 -0.014079 0.010630 0.999844 0.000000 0.000000 0.000000 0.000000 1.000000
0.999959 -0.004721 0.007678 -0.000000 0.004790 0.999948 -0.008977 9.322100 -0.007635 0.009013 0.999930 0.000000 0.000000 0.000000 0.000000 1.000000
0.999981 0.006089 -0.000411 0.000000 -0.006092 0.999937 -0.009435 9.322100 0.000354 0.009438 0.999955 0.000000 0.000000 0.000000 0.000000 1.000000
0.999859 0.013921 -0.009427 0.000000 -0.014008 0.999860 -0.009194 9.322100 0.009298 0.009325 0.999913 0.000000 0.000000 0.000000 0.000000 1.000000
0.999656 0.018377 -0.018711 -0.000000 -0.018523 0.999799 -0.007629 9.322100 0.018567 0.007973 0.999796 0.000000 0.000000 0.000000 0.000000 1.000000
0.999373 0.022216 -0.027554 0.000000 -0.022351 0.999740 -0.004575 9.322100 0.027445 0.005188 0.999610 0.000000 0.000000 0.000000 0.000000 1.000000
0.999059 0.025181 -0.035303 -0.000000 -0.025286 0.999677 -0.002542 9.322100 0.035228 0.003432 0.999373 0.000000 0.000000 0.000000 0.000000 1.000000
0.998790 0.027009 -0.041098 0.000000 -0.027050 0.999634 -0.000442 9.322100 0.041071 0.001553 0.999155 -0.000000 0.000000 0.000000 0.000000 1.000000
0.998675 0.027431 -0.043546 0.000000 -0.027357 0.999623 0.002282 9.322100 0.043593 -0.001087 0.999049 -0.000000 0.000000 0.000000 0.000000 1.000000
0.999025 0.022801 -0.037815 -0.000000 -0.022636 0.999732 0.004797 9.322100 0.037915 -0.003936 0.999273 -0.000000 0.000000 0.000000 0.000000 1.000000
0.999615 0.012925 -0.024534 0.000000 -0.012764 0.999896 0.006719 9.322100 0.024618 -0.006403 0.999676 0.000000 0.000000 0.000000 0.000000 1.000000
0.999986 -0.000584 -0.005190 0.000000 0.000624 0.999971 0.007564 9.322100 0.005185 -0.007567 0.999958 0.000000 0.000000 0.000000 0.000000 1.000000
0.999843 -0.011091 0.013829 0.000000 0.011026 0.999928 0.004779 9.322100 -0.013881 -0.004626 0.999893 0.000000 0.000000 0.000000 0.000000 1.000000
0.999496 -0.012022 0.029369 0.000000 0.012056 0.999927 -0.000947 9.322100 -0.029355 0.001301 0.999568 -0.000000 0.000000 0.000000 0.000000 1.000000
0.999163 -0.006772 0.040329 0.000000 0.007249 0.999905 -0.011700 9.322100 -0.040246 0.011983 0.999118 -0.000000 0.000000 0.000000 0.000000 1.000000
0.998731 0.001430 0.050345 0.000000 -0.000204 0.999704 -0.024347 9.322100 -0.050365 0.024306 0.998435 0.000000 0.000000 0.000000 0.000000 1.000000
0.997873 0.011112 0.064234 -0.000000 -0.008764 0.999287 -0.036717 9.322100 -0.064596 0.036076 0.997259 0.000000 0.000000 0.000000 0.000000 1.000000
0.996325 0.022903 0.082534 0.000000 -0.018846 0.998592 -0.049594 9.322100 -0.083554 0.047857 0.995353 0.000000 0.000000 0.000000 0.000000 1.000000
0.994695 0.035088 0.096698 -0.000000 -0.029232 0.997690 -0.061327 9.322100 -0.098627 0.058175 0.993423 -0.000000 0.000000 0.000000 0.000000 1.000000
0.993567 0.046516 0.103250 0.000000 -0.039332 0.996732 -0.070559 9.322100 -0.106194 0.066044 0.992150 -0.000000 0.000000 0.000000 0.000000 1.000000
0.992721 0.057447 0.105850 0.000000 -0.049266 0.995708 -0.078348 9.322100 -0.109897 0.072563 0.991291 0.000000 0.000000 0.000000 0.000000 1.000000
0.991858 0.068194 0.107556 0.000000 -0.059081 0.994563 -0.085751 9.322100 -0.112819 0.078698 0.990494 -0.000000 0.000000 0.000000 0.000000 1.000000
0.990981 0.078553 0.108567 -0.000000 -0.068598 0.993340 -0.092574 9.322100 -0.115116 0.084292 0.989769 0.000000 0.000000 0.000000 0.000000 1.000000
0.990254 0.087704 0.108189 0.000000 -0.077205 0.992218 -0.097692 9.322100 -0.115915 0.088387 0.989319 0.000000 0.000000 0.000000 0.000000 1.000000
0.990369 0.092321 0.103176 0.000000 -0.082402 0.991908 -0.096587 9.322100 -0.111258 0.087155 0.989962 0.000000 0.000000 0.000000 0.000000 1.000000
0.990706 0.095514 0.096845 0.000000 -0.086468 0.991842 -0.093659 9.322100 -0.105001 0.084414 0.990883 0.000000 0.000000 0.000000 0.000000 1.000000
0.991283 0.096875 0.089290 0.000000 -0.088922 0.992043 -0.089125 9.322100 -0.097213 0.080409 0.992010 0.000000 0.000000 0.000000 0.000000 1.000000
0.992551 0.092853 0.078875 -0.000000 -0.086466 0.992968 -0.080860 9.322100 -0.085828 0.073438 0.993600 -0.000000 0.000000 0.000000 0.000000 1.000000
0.994070 0.084331 0.068646 0.000000 -0.079375 0.994243 -0.071978 9.322100 -0.074321 0.066103 0.995041 -0.000000 0.000000 0.000000 0.000000 1.000000
0.996248 0.064795 0.057368 0.000000 -0.061321 0.996290 -0.060383 9.322100 -0.061068 0.056639 0.996525 0.000000 0.000000 0.000000 0.000000 1.000000
0.997498 0.051675 0.048246 0.000000 -0.049206 0.997484 -0.051028 9.322100 -0.050762 0.048526 0.997531 0.000000 0.000000 0.000000 0.000000 1.000000
0.998336 0.043865 0.037432 0.000000 -0.042354 0.998292 -0.040244 9.322100 -0.039134 0.038592 0.998488 0.000000 0.000000 0.000000 0.000000 1.000000
0.998918 0.037352 0.027716 -0.000000 -0.036423 0.998782 -0.033287 9.322100 -0.028926 0.032241 0.999061 -0.000000 0.000000 0.000000 0.000000 1.000000
0.999235 0.033233 0.020622 0.000000 -0.032637 0.999059 -0.028564 9.322100 -0.021552 0.027869 0.999379 -0.000000 0.000000 0.000000 0.000000 1.000000
0.999389 0.031586 0.014937 -0.000000 -0.031213 0.999210 -0.024611 9.322100 -0.015702 0.024129 0.999586 -0.000000 0.000000 0.000000 0.000000 1.000000
0.999463 0.031373 0.009477 0.000000 -0.031178 0.999313 -0.020038 9.322100 -0.010100 0.019732 0.999754 -0.000000 0.000000 0.000000 0.000000 1.000000
0.999486 0.031604 0.005410 0.000000 -0.031514 0.999375 -0.015989 9.322100 -0.005912 0.015811 0.999858 0.000000 0.000000 0.000000 0.000000 1.000000
0.999502 0.031092 0.005473 0.000000 -0.031014 0.999424 -0.013812 9.322100 -0.005899 0.013636 0.999890 0.000000 0.000000 0.000000 0.000000 1.000000
0.999568 0.028310 0.007850 0.000000 -0.028195 0.999498 -0.014432 9.322100 -0.008254 0.014205 0.999865 0.000000 0.000000 0.000000 0.000000 1.000000
0.999738 0.020414 0.010376 -0.000000 -0.020236 0.999650 -0.017017 9.322100 -0.010720 0.016803 0.999801 0.000000 0.000000 0.000000 0.000000 1.000000
0.999859 0.010809 0.012867 -0.000000 -0.010551 0.999744 -0.020005 9.322100 -0.013080 0.019866 0.999717 0.000000 0.000000 0.000000 0.000000 1.000000
0.999882 0.000228 0.015338 0.000000 0.000128 0.999731 -0.023194 9.322100 -0.015340 0.023193 0.999613 -0.000000 0.000000 0.000000 0.000000 1.000000
0.999785 -0.010597 0.017802 -0.000000 0.011065 0.999590 -0.026391 9.322100 -0.017515 0.026583 0.999493 0.000000 0.000000 0.000000 0.000000 1.000000
0.999575 -0.020934 0.020274 0.000000 0.021525 0.999336 -0.029409 9.322100 -0.019645 0.029833 0.999362 0.000000 0.000000 0.000000 0.000000 1.000000</float_array>
        <technique_common>
          <accessor source="#mixamorig_Spine2-Matrix-animation-output-transform-array" count="46" stride="16">
            <param type="float4x4"/>
          </accessor>
        </technique_common>
      </source>
      <source id="mixamorig_Spine2-Interpolations">
        <Name_array id="mixamorig_Spine2-Interpolations-array" count="46">
 LINEAR LINEAR LINEAR LINEAR LINEAR LINEAR LINEAR LINEAR LINEAR LINEAR LINEAR
LINEAR LINEAR LINEAR LINEAR LINEAR LINEAR LINEAR LINEAR LINEAR LINEAR LINEAR LINEAR
LINEAR LINEAR LINEAR LINEAR LINEAR LINEAR LINEAR LINEAR LINEAR LINEAR LINEAR LINEAR
LINEAR LINEAR LINEAR LINEAR LINEAR LINEAR LINEAR LINEAR LINEAR LINEAR LINEAR</Name_array>
        <technique_common>
          <accessor source="#mixamorig_Spine2-Interpolations-array" count="46">
            <param type="name"/>
          </accessor>
        </technique_common>
      </source>
      <sampler id="mixamorig_Spine2-Matrix-animation-transform">
        <input semantic="INPUT" source="#mixamorig_Spine2-Matrix-animation-input"/>
        <input semantic="OUTPUT" source="#mixamorig_Spine2-Matrix-animation-output-transform"/>
        <input semantic="INTERPOLATION" source="#mixamorig_Spine2-Interpolations"/>
      </sampler>
      <channel source="#mixamorig_Spine2-Matrix-animation-transform" target="mixamorig_Spine2/matrix"/>
    </animation>
    <animation id="mixamorig_Neck-anim" name="mixamorig_Neck">
      <source id="mixamorig_Neck-Matrix-animation-input">
        <float_array id="mixamorig_Neck-Matrix-animation-input-array" count="46">

0.000000 0.033333 0.066667 0.100000 0.133333 0.166667 0.200000 0.233333 0.266667 0.300000 0.333333 0.366667 0.400000 0.433333 0.466667 0.500000
0.533333 0.566667 0.600000 0.633333 0.666667 0.700000 0.733333 0.766667 0.800000 0.833333 0.866667 0.900000 0.933333 0.966667 1.000000 1.033333
1.066667 1.100000 1.133333 1.166667 1.200000 1.233333 1.266667 1.300000 1.333333 1.366667 1.400000 1.433333 1.466667 1.500000</float_array>
        <technique_common>
          <accessor source="#mixamorig_Neck-Matrix-animation-input-array" count="46">
            <param name="TIME" type="float"/>
          </accessor>
        </technique_common>
      </source>
      <source id="mixamorig_Neck-Matrix-animation-output-transform">
        <float_array id="mixamorig_Neck-Matrix-animation-output-transform-array" count="736">

0.985070 0.006144 0.172047 0.000000 -0.012104 0.999362 0.033616 16.865299 -0.171731 -0.035197 0.984515 -0.000000 0.000000 0.000000 0.000000 1.000000
0.984299 0.008393 0.176310 0.000000 -0.015789 0.999051 0.040585 16.865299 -0.175802 -0.042731 0.983498 -0.000000 0.000000 0.000000 0.000000 1.000000
0.983443 0.010812 0.180892 0.000000 -0.019831 0.998645 0.048121 16.865299 -0.180127 -0.050911 0.982325 0.000000 0.000000 0.000000 0.000000 1.000000
0.982001 0.014705 0.188305 0.000000 -0.026611 0.997792 0.060856 16.865299 -0.186994 -0.064772 0.980223 -0.000000 0.000000 0.000000 0.000000 1.000000
0.980000 0.019769 0.198011 -0.000000 -0.035957 0.996266 0.078496 16.865299 -0.195720 -0.084046 0.977052 0.000000 0.000000 0.000000 0.000000 1.000000
0.977803 0.024939 0.208036 0.000000 -0.046257 0.994086 0.098249 16.865299 -0.204355 -0.105691 0.973174 0.000000 0.000000 0.000000 0.000000 1.000000
0.975656 0.029612 0.217298 0.000000 -0.056572 0.991291 0.118919 16.865299 -0.211884 -0.128317 0.968834 0.000000 0.000000 0.000000 0.000000 1.000000
0.973854 0.033184 0.224738 -0.000000 -0.065836 0.988046 0.139395 16.865299 -0.217426 -0.150546 0.964397 0.000000 0.000000 0.000000 0.000000 1.000000
0.972724 0.035050 0.229301 0.000000 -0.072877 0.984642 0.158647 16.865299 -0.220218 -0.171031 0.960340 0.000000 0.000000 0.000000 0.000000 1.000000
0.972591 0.034603 0.229935 0.000000 -0.076452 0.981474 0.175679 16.865299 -0.219597 -0.188443 0.957218 -0.000000 0.000000 0.000000 0.000000 1.000000
