<?xml version="1.0" encoding="utf-8"?>
<COLLADA xmlns="http://www.collada.org/2005/11/COLLADASchema" version="1.4.1">
  <asset>
    <contributor>
      <author>Mixamo</author>
      <authoring_tool>COLLADA Mixamo exporter</authoring_tool>
      <comments/>
    </contributor>
    <created>2023-03-15T05:06:27Z</created>
    <modified>2023-03-15T05:06:27Z</modified>
    <revision/>
    <title/>
    <unit meter="0.010000"/>
    <up_axis>Y_UP</up_axis>
  </asset>
  <library_animations>
    <animation id="mixamorig_Hips-anim" name="mixamorig_Hips">
      <source id="mixamorig_Hips-Matrix-animation-input">
        <float_array id="mixamorig_Hips-Matrix-animation-input-array" count="22">

0.000000 0.033333 0.066667 0.100000 0.133333 0.166667 0.200000 0.233333 0.266667 0.300000 0.333333 0.366667 0.400000 0.433333 0.466667 0.500000
0.533333 0.566667 0.600000 0.633333 0.666667 0.700000</float_array>
        <technique_common>
          <accessor source="#mixamorig_Hips-Matrix-animation-input-array" count="22">
            <param name="TIME" type="float"/>
          </accessor>
        </technique_common>
      </source>
      <source id="mixamorig_Hips-Matrix-animation-output-transform">
        <float_array id="mixamorig_Hips-Matrix-animation-output-transform-array" count="352">

0.729212 0.051049 -0.682381 -0.139259 0.002738 0.996988 0.077510 86.106056 0.684282 -0.058390 0.726876 0.191454 0.000000 0.000000 0.000000 1.000000
0.729267 0.050388 -0.682371 -0.130782 0.003160 0.997026 0.077000 86.108940 0.684222 -0.058310 0.726939 0.197698 0.000000 0.000000 0.000000 1.000000
0.729502 0.048348 -0.682268 -0.125515 0.004570 0.997132 0.075547 86.112961 0.683963 -0.058230 0.727189 0.203690 0.000000 0.000000 0.000000 1.000000
0.729877 0.045236 -0.682080 -0.124481 0.006762 0.997281 0.073376 86.117157 0.683545 -0.058168 0.727587 0.208421 0.000000 0.000000 0.000000 1.000000
0.730348 0.041364 -0.681822 -0.127869 0.009527 0.997451 0.070717 86.120316 0.683009 -0.058143 0.728092 0.211093 0.000000 0.000000 0.000000 1.000000
0.730876 0.037041 -0.681504 -0.134851 0.012654 0.997619 0.067793 86.121376 0.682393 -0.058172 0.728668 0.211231 0.000000 0.000000 0.000000 1.000000
0.731423 0.032584 -0.681145 -0.143971 0.015926 0.997769 0.064832 86.119347 0.681738 -0.058268 0.729272 0.208803 0.000000 0.000000 0.000000 1.000000
0.731944 0.028338 -0.680775 -0.153572 0.019085 0.997890 0.062057 86.114777 0.681098 -0.058415 0.729859 0.204617 0.000000 0.000000 0.000000 1.000000
0.732400 0.024646 -0.680429 -0.162613 0.021873 0.997977 0.059691 86.108086 0.680524 -0.058601 0.730379 0.199610 0.000000 0.000000 0.000000 1.000000
0.732752 0.021863 -0.680144 -0.170594 0.024018 0.998030 0.057956 86.100220 0.680072 -0.058803 0.730784 0.194511 0.000000 0.000000 0.000000 1.000000
0.732964 0.020342 -0.679963 -0.177437 0.025247 0.998051 0.057072 86.092049 0.679798 -0.058999 0.731022 0.189723 0.000000 0.000000 0.000000 1.000000
0.733018 0.020262 -0.679908 -0.183338 0.025421 0.998042 0.057149 86.084152 0.679734 -0.059175 0.731067 0.185396 0.000000 0.000000 0.000000 1.000000
0.732938 0.021374 -0.679960 -0.188586 0.024717 0.998010 0.058014 86.076721 0.679846 -0.059328 0.730951 0.181598 0.000000 0.000000 0.000000 1.000000
0.732744 0.023456 -0.680100 -0.192846 0.023293 0.997956 0.059515 86.070114 0.680105 -0.059451 0.730700 0.178502 0.000000 0.000000 0.000000 1.000000
0.732452 0.026309 -0.680311 -0.195255 0.021290 0.997879 0.061512 86.064682 0.680486 -0.059539 0.730338 0.176373 0.000000 0.000000 0.000000 1.000000
0.732076 0.029731 -0.680574 -0.194801 0.018850 0.997781 0.063864 86.060928 0.680962 -0.059582 0.729891 0.175464 0.000000 0.000000 0.000000 1.000000
0.731633 0.033524 -0.680874 -0.190810 0.016108 0.997661 0.066430 86.059319 0.681509 -0.059570 0.729381 0.175861 0.000000 0.000000 0.000000 1.000000
0.731140 0.037492 -0.681196 -0.183307 0.013200 0.997525 0.069069 86.060562 0.682100 -0.059491 0.728835 0.177458 0.000000 0.000000 0.000000 1.000000
0.730621 0.041446 -0.681525 -0.173194 0.010248 0.997378 0.071640 86.065582 0.682707 -0.059326 0.728280 0.180044 0.000000 0.000000 0.000000 1.000000
0.730102 0.045178 -0.681843 -0.161815 0.007401 0.997231 0.073999 86.075035 0.683298 -0.059073 0.727746 0.183259 0.000000 0.000000 0.000000 1.000000
0.729618 0.048463 -0.682135 -0.150246 0.004828 0.997096 0.076004 86.089096 0.683838 -0.058747 0.727265 0.186998 0.000000 0.000000 0.000000 1.000000
0.729212 0.051049 -0.682381 -0.139259 0.002738 0.996988 0.077510 86.106056 0.684282 -0.058390 0.726876 0.191454 0.000000 0.000000 0.000000 1.000000</float_array>
        <technique_common>
          <accessor source="#mixamorig_Hips-Matrix-animation-output-transform-array" count="22" stride="16">
            <param type="float4x4"/>
          </accessor>
        </technique_common>
      </source>
      <source id="mixamorig_Hips-Interpolations">
        <Name_array id="mixamorig_Hips-Interpolations-array" count="22">
 LINEAR LINEAR LINEAR LINEAR LINEAR LINEAR LINEAR LINEAR LINEAR LINEAR LINEAR
LINEAR LINEAR LINEAR LINEAR LINEAR LINEAR LINEAR LINEAR LINEAR LINEAR LINEAR</Name_array>
        <technique_common>
          <accessor source="#mixamorig_Hips-Interpolations-array" count="22">
            <param type="name"/>
          </accessor>
        </technique_common>
      </source>
      <sampler id="mixamorig_Hips-Matrix-animation-transform">
        <input semantic="INPUT" source="#mixamorig_Hips-Matrix-animation-input"/>
        <input semantic="OUTPUT" source="#mixamorig_Hips-Matrix-animation-output-transform"/>
        <input semantic="INTERPOLATION" source="#mixamorig_Hips-Interpolations"/>
      </sampler>
      <channel source="#mixamorig_Hips-Matrix-animation-transform" target="mixamorig_Hips/matrix"/>
    </animation>
    <animation id="mixamorig_Spine-anim" name="mixamorig_Spine">
      <source id="mixamorig_Spine-Matrix-animation-input">
        <float_array id="mixamorig_Spine-Matrix-animation-input-array" count="22">

0.000000 0.033333 0.066667 0.100000 0.133333 0.166667 0.200000 0.233333 0.266667 0.300000 0.333333 0.366667 0.400000 0.433333 0.466667 0.500000
0.533333 0.566667 0.600000 0.633333 0.666667 0.700000</float_array>
        <technique_common>
          <accessor source="#mixamorig_Spine-Matrix-animation-input-array" count="22">
            <param name="TIME" type="float"/>
          </accessor>
        </technique_common>
      </source>
      <source id="mixamorig_Spine-Matrix-animation-output-transform">
        <float_array id="mixamorig_Spine-Matrix-animation-output-transform-array" count="352">

0.998100 0.061619 -0.000338 0.017300 -0.060952 0.986450 -0.152318 10.574800 -0.009053 0.152049 0.988332 -1.117200 0.000000 0.000000 0.000000 1.000000
0.998085 0.061850 0.000105 0.017300 -0.061112 0.986424 -0.152421 10.574800 -0.009531 0.152122 0.988316 -1.117200 0.000000 0.000000 0.000000 1.000000
0.998049 0.062429 0.000286 0.017300 -0.061654 0.986366 -0.152581 10.574800 -0.009808 0.152266 0.988291 -1.117200 0.000000 0.000000 0.000000 1.000000
0.997996 0.063278 0.000186 0.017300 -0.062507 0.986282 -0.152778 10.574800 -0.009851 0.152460 0.988260 -1.117200 0.000000 0.000000 0.000000 1.000000
0.997929 0.064319 -0.000211 0.017300 -0.063594 0.986180 -0.152987 10.574800 -0.009632 0.152684 0.988228 -1.117200 0.000000 0.000000 0.000000 1.000000
0.997854 0.065473 -0.000921 0.017300 -0.064841 0.986068 -0.153182 10.574800 -0.009121 0.152913 0.988198 -1.117200 0.000000 0.000000 0.000000 1.000000
0.997774 0.066659 -0.001949 0.017300 -0.066169 0.985956 -0.153338 10.574800 -0.008300 0.153126 0.988172 -1.117200 0.000000 0.000000 0.000000 1.000000
0.997695 0.067783 -0.003185 0.017300 -0.067469 0.985851 -0.153446 10.574800 -0.007261 0.153307 0.988152 -1.117200 0.000000 0.000000 0.000000 1.000000
0.997623 0.068767 -0.004486 0.017300 -0.068640 0.985761 -0.153503 10.574800 -0.006134 0.153446 0.988138 -1.117200 0.000000 0.000000 0.000000 1.000000
0.997565 0.069514 -0.005716 0.017300 -0.069567 0.985695 -0.153509 10.574800 -0.005037 0.153532 0.988131 -1.117200 0.000000 0.000000 0.000000 1.000000
0.997529 0.069927 -0.006737 0.017300 -0.070132 0.985662 -0.153464 10.574800 -0.004091 0.153558 0.988131 -1.117200 0.000000 0.000000 0.000000 1.000000
0.997522 0.069963 -0.007457 0.017300 -0.070278 0.985665 -0.153377 10.574800 -0.003381 0.153521 0.988140 -1.117200 0.000000 0.000000 0.000000 1.000000
0.997538 0.069689 -0.007890 0.017300 -0.070074 0.985698 -0.153263 10.574800 -0.002903 0.153438 0.988154 -1.117200 0.000000 0.000000 0.000000 1.000000
0.997573 0.069164 -0.008046 0.017300 -0.069579 0.985753 -0.153133 10.574800 -0.002660 0.153321 0.988173 -1.117200 0.000000 0.000000 0.000000 1.000000
0.997624 0.068438 -0.007927 0.017300 -0.068845 0.985826 -0.152997 10.574800 -0.002657 0.153179 0.988195 -1.117200 0.000000 0.000000 0.000000 1.000000
0.997687 0.067563 -0.007531 0.017300 -0.067919 0.985911 -0.152864 10.574800 -0.002903 0.153021 0.988219 -1.117200 0.000000 0.000000 0.000000 1.000000
0.997757 0.066583 -0.006860 0.017300 -0.066849 0.986003 -0.152741 10.574800 -0.003406 0.152857 0.988242 -1.117200 0.000000 0.000000 0.000000 1.000000
0.997832 0.065544 -0.005915 0.017300 -0.065678 0.986098 -0.152636 10.574800 -0.004172 0.152693 0.988265 -1.117200 0.000000 0.000000 0.000000 1.000000
0.997908 0.064483 -0.004676 0.017300 -0.064441 0.986194 -0.152538 10.574800 -0.005224 0.152520 0.988287 -1.117200 0.000000 0.000000 0.000000 1.000000
0.997980 0.063439 -0.003234 0.017300 -0.063190 0.986290 -0.152444 10.574800 -0.006481 0.152340 0.988307 -1.117200 0.000000 0.000000 0.000000 1.000000
0.998046 0.062457 -0.001733 0.017300 -0.061991 0.986378 -0.152366 10.574800 -0.007807 0.152175 0.988323 -1.117200 0.000000 0.000000 0.000000 1.000000
0.998100 0.061619 -0.000338 0.017300 -0.060952 0.986450 -0.152318 10.574800 -0.009053 0.152049 0.988332 -1.117200 0.000000 0.000000 0.000000 1.000000</float_array>
        <technique_common>
          <accessor source="#mixamorig_Spine-Matrix-animation-output-transform-array" count="22" stride="16">
            <param type="float4x4"/>
          </accessor>
        </technique_common>
      </source>
      <source id="mixamorig_Spine-Interpolations">
        <Name_array id="mixamorig_Spine-Interpolations-array" count="22">
 LINEAR LINEAR LINEAR LINEAR LINEAR LINEAR LINEAR LINEAR LINEAR LINEAR LINEAR
LINEAR LINEAR LINEAR LINEAR LINEAR LINEAR LINEAR LINEAR LINEAR LINEAR LINEAR</Name_array>
        <technique_common>
          <accessor source="#mixamorig_Spine-Interpolations-array" count="22">
            <param type="name"/>
          </accessor>
        </technique_common>
      </source>
      <sampler id="mixamorig_Spine-Matrix-animation-transform">
        <input semantic="INPUT" source="#mixamorig_Spine-Matrix-animation-input"/>
        <input semantic="OUTPUT" source="#mixamorig_Spine-Matrix-animation-output-transform"/>
        <input semantic="INTERPOLATION" source="#mixamorig_Spine-Interpolations"/>
      </sampler>
      <channel source="#mixamorig_Spine-Matrix-animation-transform" target="mixamorig_Spine/matrix"/>
    </animation>
    <animation id="mixamorig_Spine1-anim" name="mixamorig_Spine1">
      <source id="mixamorig_Spine1-Matrix-animation-input">
        <float_array id="mixamorig_Spine1-Matrix-animation-input-array" count="22">

0.000000 0.033333 0.066667 0.100000 0.133333 0.166667 0.200000 0.233333 0.266667 0.300000 0.333333 0.366667 0.400000 0.433333 0.466667 0.500000
0.533333 0.566667 0.600000 0.633333 0.666667 0.700000</float_array>
        <technique_common>
          <accessor source="#mixamorig_Spine1-Matrix-animation-input-array" count="22">
            <param name="TIME" type="float"/>
          </accessor>
        </technique_common>
      </source>
      <source id="mixamorig_Spine1-Matrix-animation-output-transform">
        <float_array id="mixamorig_Spine1-Matrix-animation-output-transform-array" count="352">

0.992697 0.119446 -0.016867 -0.000000 -0.112178 0.862651 -0.493203 12.406000 -0.044361 0.491494 0.869750 0.000000 0.000000 0.000000 0.000000 1.000000
0.992615 0.120213 -0.016233 0.000000 -0.112523 0.862492 -0.493402 12.406000 -0.045312 0.491585 0.869650 0.000000 0.000000 0.000000 0.000000 1.000000
0.992445 0.121615 -0.016215 -0.000000 -0.113718 0.862176 -0.493680 12.406000 -0.046059 0.491795 0.869492 0.000000 0.000000 0.000000 0.000000 1.000000
0.992209 0.123445 -0.016793 0.000000 -0.115574 0.861746 -0.494001 12.406000 -0.046510 0.492093 0.869299 0.000000 0.000000 0.000000 0.000000 1.000000
0.991932 0.125493 -0.017948 -0.000000 -0.117903 0.861247 -0.494321 12.406000 -0.046576 0.492449 0.869094 0.000000 0.000000 0.000000 0.000000 1.000000
0.991637 0.127552 -0.019657 0.000000 -0.120517 0.860727 -0.494595 12.406000 -0.046167 0.492828 0.868901 0.000000 0.000000 0.000000 0.000000 1.000000
0.991348 0.129423 -0.021884 -0.000000 -0.123228 0.860236 -0.494781 12.406000 -0.045211 0.493197 0.868742 0.000000 0.000000 0.000000 0.000000 1.000000
0.991083 0.130990 -0.024403 0.000000 -0.125825 0.859809 -0.494870 12.406000 -0.043841 0.493528 0.868625 0.000000 0.000000 0.000000 0.000000 1.000000
0.990862 0.132160 -0.026937 0.000000 -0.128089 0.859475 -0.494869 12.406000 -0.042250 0.493797 0.868550 0.000000 0.000000 0.000000 0.000000 1.000000
0.990708 0.132832 -0.029224 0.000000 -0.129803 0.859264 -0.494789 12.406000 -0.040613 0.493984 0.868522 -0.000000 0.000000 0.000000 0.000000 1.000000
0.990644 0.132905 -0.031003 -0.000000 -0.130751 0.859204 -0.494644 12.406000 -0.039103 0.494070 0.868542 -0.000000 0.000000 0.000000 0.000000 1.000000
0.990683 0.132350 -0.032108 0.000000 -0.130823 0.859302 -0.494455 12.406000 -0.037850 0.494049 0.868610 0.000000 0.000000 0.000000 0.000000 1.000000
0.990805 0.131308 -0.032602 -0.000000 -0.130172 0.859521 -0.494246 12.406000 -0.036876 0.493945 0.868711 -0.000000 0.000000 0.000000 0.000000 1.000000
0.990993 0.129906 -0.032527 0.000000 -0.128928 0.859831 -0.494033 12.406000 -0.036210 0.493777 0.868835 0.000000 0.000000 0.000000 0.000000 1.000000
0.991226 0.128262 -0.031918 0.000000 -0.127210 0.860202 -0.493832 12.406000 -0.035884 0.493559 0.868972 0.000000 0.000000 0.000000 0.000000 1.000000
0.991488 0.126497 -0.030808 0.000000 -0.125138 0.860608 -0.493654 12.406000 -0.035932 0.493307 0.869113 -0.000000 0.000000 0.000000 0.000000 1.000000
0.991760 0.124729 -0.029228 -0.000000 -0.122831 0.861024 -0.493509 12.406000 -0.036389 0.493032 0.869250 -0.000000 0.000000 0.000000 0.000000 1.000000
0.992024 0.123081 -0.027210 0.000000 -0.120411 0.861425 -0.493405 12.406000 -0.037290 0.492745 0.869374 -0.000000 0.000000 0.000000 0.000000 1.000000
0.992260 0.121685 -0.024747 -0.000000 -0.117990 0.861806 -0.493324 12.406000 -0.038703 0.492426 0.869494 -0.000000 0.000000 0.000000 0.000000 1.000000
0.992457 0.120601 -0.022015 -0.000000 -0.115709 0.862155 -0.493254 12.406000 -0.040507 0.492081 0.869607 -0.000000 0.000000 0.000000 0.000000 1.000000
0.992605 0.119849 -0.019294 0.000000 -0.113720 0.862446 -0.493208 12.406000 -0.042470 0.491755 0.869697 0.000000 0.000000 0.000000 0.000000 1.000000
0.992697 0.119446 -0.016867 -0.000000 -0.112178 0.862651 -0.493203 12.406000 -0.044361 0.491494 0.869750 0.000000 0.000000 0.000000 0.000000 1.000000</float_array>
        <technique_common>
          <accessor source="#mixamorig_Spine1-Matrix-animation-output-transform-array" count="22" stride="16">
            <param type="float4x4"/>
          </accessor>
        </technique_common>
      </source>
      <source id="mixamorig_Spine1-Interpolations">
        <Name_array id="mixamorig_Spine1-Interpolations-array" count="22">
 LINEAR LINEAR LINEAR LINEAR LINEAR LINEAR LINEAR LINEAR LINEAR LINEAR LINEAR
LINEAR LINEAR LINEAR LINEAR LINEAR LINEAR LINEAR LINEAR LINEAR LINEAR LINEAR</Name_array>
        <technique_common>
          <accessor source="#mixamorig_Spine1-Interpolations-array" count="22">
            <param type="name"/>
          </accessor>
        </technique_common>
      </source>
      <sampler id="mixamorig_Spine1-Matrix-animation-transform">
        <input semantic="INPUT" source="#mixamorig_Spine1-Matrix-animation-input"/>
        <input semantic="OUTPUT" source="#mixamorig_Spine1-Matrix-animation-output-transform"/>
        <input semantic="INTERPOLATION" source="#mixamorig_Spine1-Interpolations"/>
      </sampler>
      <channel source="#mixamorig_Spine1-Matrix-animation-transform" target="mixamorig_Spine1/matrix"/>
    </animation>
    <animation id="mixamorig_Spine2-anim" name="mixamorig_Spine2">
      <source id="mixamorig_Spine2-Matrix-animation-input">
        <float_array id="mixamorig_Spine2-Matrix-animation-input-array" count="22">

0.000000 0.033333 0.066667 0.100000 0.133333 0.166667 0.200000 0.233333 0.266667 0.300000 0.333333 0.366667 0.400000 0.433333 0.466667 0.500000
0.533333 0.566667 0.600000 0.633333 0.666667 0.700000</float_array>
        <technique_common>
          <accessor source="#mixamorig_Spine2-Matrix-animation-input-array" count="22">
            <param name="TIME" type="float"/>
          </accessor>
        </technique_common>
      </source>
      <source id="mixamorig_Spine2-Matrix-animation-output-transform">
        <float_array id="mixamorig_Spine2-Matrix-animation-output-transform-array" count="352">

0.992880 0.115504 -0.029128 -0.000000 -0.110839 0.806227 -0.581131 14.178300 -0.043639 0.580222 0.813289 -0.000000 0.000000 0.000000 0.000000 1.000000
0.992799 0.116332 -0.028579 -0.000000 -0.111184 0.806048 -0.581312 14.178300 -0.044589 0.580304 0.813178 0.000000 0.000000 0.000000 0.000000 1.000000
0.992631 0.117730 -0.028709 0.000000 -0.112379 0.805707 -0.581556 14.178300 -0.045336 0.580497 0.813000 0.000000 0.000000 0.000000 0.000000 1.000000
0.992398 0.119488 -0.029476 0.000000 -0.114236 0.805248 -0.581830 14.178300 -0.045787 0.580774 0.812776 0.000000 0.000000 0.000000 0.000000 1.000000
0.992124 0.121404 -0.030839 0.000000 -0.116566 0.804721 -0.582096 14.178300 -0.045852 0.581106 0.812535 0.000000 0.000000 0.000000 0.000000 1.000000
0.991832 0.123273 -0.032756 0.000000 -0.119181 0.804180 -0.582315 14.178300 -0.045442 0.581463 0.812303 0.000000 0.000000 0.000000 0.000000 1.000000
0.991546 0.124900 -0.035166 0.000000 -0.121893 0.803676 -0.582449 14.178300 -0.044486 0.581811 0.812106 -0.000000 0.000000 0.000000 0.000000 1.000000
0.991284 0.126194 -0.037837 0.000000 -0.124490 0.803247 -0.582492 14.178300 -0.043115 0.582125 0.811955 0.000000 0.000000 0.000000 0.000000 1.000000
0.991065 0.127092 -0.040479 0.000000 -0.126754 0.802918 -0.582457 14.178300 -0.041524 0.582383 0.811853 0.000000 0.000000 0.000000 0.000000 1.000000
0.990911 0.127520 -0.042824 0.000000 -0.128469 0.802719 -0.582355 14.178300 -0.039886 0.582564 0.811806 0.000000 0.000000 0.000000 0.000000 1.000000
0.990847 0.127406 -0.044601 -0.000000 -0.129417 0.802676 -0.582205 14.178300 -0.038376 0.582649 0.811818 0.000000 0.000000 0.000000 0.000000 1.000000
0.990886 0.126738 -0.045642 -0.000000 -0.129489 0.802793 -0.582028 14.178300 -0.037124 0.582633 0.811887 -0.000000 0.000000 0.000000 0.000000 1.000000
0.991007 0.125650 -0.046023 -0.000000 -0.128838 0.803032 -0.581842 14.178300 -0.036150 0.582539 0.811999 -0.000000 0.000000 0.000000 0.000000 1.000000
0.991192 0.124263 -0.045802 0.000000 -0.127593 0.803360 -0.581663 14.178300 -0.035484 0.582384 0.812139 -0.000000 0.000000 0.000000 0.000000 1.000000
0.991423 0.122692 -0.045023 -0.000000 -0.125874 0.803749 -0.581501 14.178300 -0.035158 0.582181 0.812299 -0.000000 0.000000 0.000000 0.000000 1.000000
0.991682 0.121053 -0.043734 -0.000000 -0.123802 0.804168 -0.581367 14.178300 -0.035207 0.581945 0.812465 0.000000 0.000000 0.000000 0.000000 1.000000
0.991951 0.119460 -0.041977 0.000000 -0.121495 0.804592 -0.581266 14.178300 -0.035664 0.581688 0.812630 0.000000 0.000000 0.000000 0.000000 1.000000
0.992212 0.118033 -0.039796 0.000000 -0.119073 0.804999 -0.581204 14.178300 -0.036565 0.581416 0.812784 0.000000 0.000000 0.000000 0.000000 1.000000
0.992446 0.116903 -0.037201 -0.000000 -0.116652 0.805383 -0.581163 14.178300 -0.037979 0.581113 0.812936 -0.000000 0.000000 0.000000 0.000000 1.000000
0.992641 0.116112 -0.034370 0.000000 -0.114370 0.805734 -0.581130 14.178300 -0.039783 0.580785 0.813084 0.000000 0.000000 0.000000 0.000000 1.000000
0.992788 0.115649 -0.031585 0.000000 -0.112381 0.806025 -0.581115 14.178300 -0.041748 0.580473 0.813209 0.000000 0.000000 0.000000 0.000000 1.000000
0.992880 0.115504 -0.029128 -0.000000 -0.110839 0.806227 -0.581131 14.178300 -0.043639 0.580222 0.813289 -0.000000 0.000000 0.000000 0.000000 1.000000</float_array>
        <technique_common>
          <accessor source="#mixamorig_Spine2-Matrix-animation-output-transform-array" count="22" stride="16">
            <param type="float4x4"/>
          </accessor>
        </technique_common>
      </source>
      <source id="mixamorig_Spine2-Interpolations">
        <Name_array id="mixamorig_Spine2-Interpolations-array" count="22">
 LINEAR LINEAR LINEAR LINEAR LINEAR LINEAR LINEAR LINEAR LINEAR LINEAR LINEAR
LINEAR LINEAR LINEAR LINEAR LINEAR LINEAR LINEAR LINEAR LINEAR LINEAR LINEAR</Name_array>
        <technique_common>
          <accessor source="#mixamorig_Spine2-Interpolations-array" count="22">
            <param type="name"/>
          </accessor>
        </technique_common>
      </source>
      <sampler id="mixamorig_Spine2-Matrix-animation-transform">
        <input semantic="INPUT" source="#mixamorig_Spine2-Matrix-animation-input"/>
        <input semantic="OUTPUT" source="#mixamorig_Spine2-Matrix-animation-output-transform"/>
        <input semantic="INTERPOLATION" source="#mixamorig_Spine2-Interpolations"/>
      </sampler>
      <channel source="#mixamorig_Spine2-Matrix-animation-transform" target="mixamorig_Spine2/matrix"/>
    </animation>
    <animation id="mixamorig_Neck-anim" name="mixamorig_Neck">
      <source id="mixamorig_Neck-Matrix-animation-input">
        <float_array id="mixamorig_Neck-Matrix-animation-input-array" count="22">

0.000000 0.033333 0.066667 0.100000 0.133333 0.166667 0.200000 0.233333 0.266667 0.300000 0.333333 0.366667 0.400000 0.433333 0.466667 0.500000
0.533333 0.566667 0.600000 0.633333 0.666667 0.700000</float_array>
        <technique_common>
          <accessor source="#mixamorig_Neck-Matrix-animation-input-array" count="22">
            <param name="TIME" type="float"/>
          </accessor>
        </technique_common>
      </source>
      <source id="mixamorig_Neck-Matrix-animation-output-transform">
        <float_array id="mixamorig_Neck-Matrix-animation-output-transform-array" count="352">

0.990538 0.113187 0.077608 0.024400 -0.110959 0.993295 -0.032457 15.862300 -0.080762 0.023539 0.996455 -1.675800 0.000000 0.000000 0.000000 1.000000
0.991340 0.107496 0.075432 0.024400 -0.105326 0.993917 -0.032191 15.862300 -0.078433 0.023967 0.996631 -1.675800 0.000000 0.000000 0.000000 1.000000
0.992218 0.100956 0.072873 0.024400 -0.098846 0.994588 -0.032012 15.862300 -0.075711 0.024560 0.996827 -1.675800 0.000000 0.000000 0.000000 1.000000
0.993046 0.094450 0.070283 0.024400 -0.092396 0.995210 -0.031932 15.862300 -0.072962 0.025216 0.997016 -1.675800 0.000000 0.000000 0.000000 1.000000
0.993719 0.088866 0.068008 0.024400 -0.086856 0.995708 -0.031970 15.862300 -0.070558 0.025862 0.997172 -1.675800 0.000000 0.000000 0.000000 1.000000
0.994157 0.085099 0.066403 0.024400 -0.083112 0.996022 -0.032138 15.862300 -0.068874 0.026431 0.997275 -1.675800 0.000000 0.000000 0.000000 1.000000
0.994297 0.083945 0.065782 0.024400 -0.081952 0.996108 -0.032441 15.862300 -0.068250 0.026865 0.997306 -1.675800 0.000000 0.000000 0.000000 1.000000
0.994170 0.085201 0.066087 0.024400 -0.083176 0.995994 -0.032820 15.862300 -0.068619 0.027132 0.997274 -1.675800 0.000000 0.000000 0.000000 1.000000
0.993824 0.088348 0.067139 0.024400 -0.086275 0.995718 -0.033191 15.862300 -0.069784 0.027194 0.997191 -1.675800 0.000000 0.000000 0.000000 1.000000
0.993289 0.092974 0.068797 0.024400 -0.090843 0.995302 -0.033487 15.862300 -0.071588 0.027013 0.997068 -1.675800 0.000000 0.000000 0.000000 1.000000
0.992591 0.098660 0.070923 0.024400 -0.096473 0.994767 -0.033636 15.862300 -0.073871 0.026545 0.996914 -1.675800 0.000000 0.000000 0.000000 1.000000
0.991764 0.104982 0.073364 0.024400 -0.102748 0.994140 -0.033600 15.862300 -0.076461 0.025785 0.996739 -1.675800 0.000000 0.000000 0.000000 1.000000
0.990861 0.111486 0.075933 0.024400 -0.109217 0.993456 -0.033417 15.862300 -0.079161 0.024818 0.996553 -1.675800 0.000000 0.000000 0.000000 1.000000
0.989943 0.117723 0.078446 0.024400 -0.115434 0.992763 -0.033125 15.862300 -0.081778 0.023736 0.996368 -1.675800 0.000000 0.000000 0.000000 1.000000
0.989087 0.123252 0.080722 0.024400 -0.120956 0.992117 -0.032758 15.862300 -0.084123 0.022636 0.996198 -1.675800 0.000000 0.000000 0.000000 1.000000
0.988378 0.127631 0.082579 0.024400 -0.125344 0.991586 -0.032340 15.862300 -0.086012 0.021613 0.996060 -1.675800 0.000000 0.000000 0.000000 1.000000
0.987907 0.130425 0.083834 0.024400 -0.128157 0.991240 -0.031913 15.862300 -0.087262 0.020783 0.995969 -1.675800 0.000000 0.000000 0.000000 1.000000
0.987768 0.131182 0.084299 0.024400 -0.128942 0.991151 -0.031510 15.862300 -0.087687 0.020255 0.995942 -1.675800 0.000000 0.000000 0.000000 1.000000
0.988064 0.129316 0.083705 0.024400 -0.127091 0.991394 -0.031405 15.862300 -0.087045 0.020392 0.995996 -1.675800 0.000000 0.000000 0.000000 1.000000
0.988732 0.125136 0.082159 0.024400 -0.122908 0.991913 -0.031657 15.862300 -0.085456 0.021202 0.996116 -1.675800 0.000000 0.000000 0.000000 1.000000
0.989607 0.119479 0.080012 0.024400 -0.117245 0.992585 -0.032072 15.862300 -0.083251 0.022357 0.996278 -1.675800 0.000000 0.000000 0.000000 1.000000
0.990538 0.113187 0.077608 0.024400 -0.110959 0.993295 -0.032457 15.862300 -0.080762 0.023539 0.996455 -1.675800 0.000000 0.000000 0.000000 1.000000</float_array>
        <technique_common>
          <accessor source="#mixamorig_Neck-Matrix-animation-output-transform-array" count="22" stride="16">
            <param type="float4x4"/>
          </accessor>
        </technique_common>
      </source>
      <source id="mixamorig_Neck-Interpolations">
        <Name_array id="mixamorig_Neck-Interpolations-array" count="22">
 LINEAR LINEAR LINEAR LINEAR LINEAR LINEAR LINEAR LINEAR LINEAR LINEAR LINEAR
LINEAR LINEAR LINEAR LINEAR LINEAR LINEAR LINEAR LINEAR LINEAR LINEAR LINEAR</Name_array>
        <technique_common>
          <accessor source="#mixamorig_Neck-Interpolations-array" count="22">
            <param type="name"/>
          </accessor>
        </technique_common>
      </source>
      <sampler id="mixamorig_Neck-Matrix-animation-transform">
        <input semantic="INPUT" source="#mixamorig_Neck-Matrix-animation-input"/>
        <input semantic="OUTPUT" source="#mixamorig_Neck-Matrix-animation-output-transform"/>
        <input semantic="INTERPOLATION" source="#mixamorig_Neck-Interpolations"/>
      </sampler>
      <channel source="#mixamorig_Neck-Matrix-animation-transform" target="mixamorig_Neck/matrix"/>
    </animation>
    <animation id="mixamorig_Head-anim" name="mixamorig_Head">
      <source id="mixamorig_Head-Matrix-animation-input">
        <float_array id="mixamorig_Head-Matrix-animation-input-array" count="22">

0.000000 0.033333 0.066667 0.100000 0.133333 0.166667 0.200000 0.233333 0.266667 0.300000 0.333333 0.366667 0.400000 0.433333 0.466667 0.500000
0.533333 0.566667 0.600000 0.633333 0.666667 0.700000</float_array>
        <technique_common>
          <accessor source="#mixamorig_Head-Matrix-animation-input-array" count="22">
            <param name="TIME" type="float"/>
          </accessor>
        </technique_common>
      </source>
      <source id="mixamorig_Head-Matrix-animation-output-transform">
        <float_array id="mixamorig_Head-Matrix-animation-output-transform-array" count="352">

0.991466 -0.026911 0.127560 0.000000 0.031816 0.998824 -0.036572 5.564000 -0.126426 0.040319 0.991156 0.988100 0.000000 0.000000 0.000000 1.000000
0.991530 -0.023655 0.127703 0.000000 0.028546 0.998922 -0.036605 5.564000 -0.126699 0.039940 0.991137 0.988100 0.000000 0.000000 0.000000 1.000000
0.991639 -0.020424 0.127413 0.000000 0.025165 0.999045 -0.035709 5.564000 -0.126562 0.038616 0.991207 0.988100 0.000000 0.000000 0.000000 1.000000
0.991778 -0.017637 0.126753 0.000000 0.022119 0.999176 -0.034040 5.564000 -0.126048 0.036564 0.991350 0.988100 0.000000 0.000000 0.000000 1.000000
0.991934 -0.015712 0.125777 0.000000 0.019855 0.999299 -0.031748 5.564000 -0.125190 0.033990 0.991550 0.988100 0.000000 0.000000 0.000000 1.000000
0.992101 -0.015072 0.124531 -0.000000 0.018822 0.999402 -0.028991 5.564000 -0.124019 0.031106 0.991792 0.988100 0.000000 0.000000 0.000000 1.000000
0.992269 -0.016077 0.123056 -0.000000 0.019410 0.999475 -0.025933 5.564000 -0.122575 0.028121 0.992061 0.988100 0.000000 0.000000 0.000000 1.000000
0.992423 -0.018470 0.121473 -0.000000 0.021399 0.999510 -0.022857 5.564000 -0.120991 0.025283 0.992332 0.988100 0.000000 0.000000 0.000000 1.000000
0.992543 -0.021799 0.119931 0.000000 0.024378 0.999501 -0.020074 5.564000 -0.119434 0.022848 0.992579 0.988100 0.000000 0.000000 0.000000 1.000000
0.992612 -0.025684 0.118583 0.000000 0.027997 0.999448 -0.017880 5.564000 -0.118059 0.021068 0.992783 0.988100 0.000000 0.000000 0.000000 1.000000
0.992616 -0.029743 0.117592 0.000000 0.031908 0.999354 -0.016565 5.564000 -0.117023 0.020195 0.992924 0.988100 0.000000 0.000000 0.000000 1.000000
0.992554 -0.033655 0.117068 0.000000 0.035802 0.999226 -0.016285 5.564000 -0.116429 0.020355 0.992990 0.988100 0.000000 0.000000 0.000000 1.000000
0.992437 -0.037235 0.116968 -0.000000 0.039472 0.999078 -0.016870 5.564000 -0.116232 0.021359 0.992992 0.988100 0.000000 0.000000 0.000000 1.000000
0.992284 -0.040289 0.117257 0.000000 0.042706 0.998923 -0.018167 5.564000 -0.116399 0.023034 0.992935 0.988100 0.000000 0.000000 0.000000 1.000000
0.992111 -0.042619 0.117898 -0.000000 0.045287 0.998773 -0.020037 5.564000 -0.116900 0.025218 0.992823 0.988100 0.000000 0.000000 0.000000 1.000000
0.991936 -0.044025 0.118849 0.000000 0.047001 0.998645 -0.022352 5.564000 -0.117704 0.027757 0.992661 0.988100 0.000000 0.000000 0.000000 1.000000
0.991777 -0.044309 0.120061 0.000000 0.047634 0.998553 -0.024968 5.564000 -0.118781 0.030482 0.992453 0.988100 0.000000 0.000000 0.000000 1.000000
0.991650 -0.043263 0.121481 0.000000 0.046963 0.998511 -0.027757 5.564000 -0.120099 0.033230 0.992206 0.988100 0.000000 0.000000 0.000000 1.000000
0.991568 -0.040585 0.123072 0.000000 0.044649 0.998539 -0.030449 5.564000 -0.121656 0.035688 0.991931 0.988100 0.000000 0.000000 0.000000 1.000000
0.991519 -0.036548 0.124718 0.000000 0.040943 0.998621 -0.032859 5.564000 -0.123345 0.037687 0.991648 0.988100 0.000000 0.000000 0.000000 1.000000
0.991488 -0.031781 0.126263 0.000000 0.036460 0.998725 -0.034924 5.564000 -0.124992 0.039230 0.991382 0.988100 0.000000 0.000000 0.000000 1.000000
0.991466 -0.026911 0.127560 0.000000 0.031816 0.998824 -0.036572 5.564000 -0.126426 0.040319 0.991156 0.988100 0.000000 0.000000 0.000000 1.000000</float_array>
        <technique_common>
          <accessor source="#mixamorig_Head-Matrix-animation-output-transform-array" count="22" stride="16">
            <param type="float4x4"/>
          </accessor>
        </technique_common>
      </source>
      <source id="mixamorig_Head-Interpolations">
        <Name_array id="mixamorig_Head-Interpolations-array" count="22">
 LINEAR LINEAR LINEAR LINEAR LINEAR LINEAR LINEAR LINEAR LINEAR LINEAR LINEAR
LINEAR LINEAR LINEAR LINEAR LINEAR LINEAR LINEAR LINEAR LINEAR LINEAR LINEAR</Name_array>
        <technique_common>
          <accessor source="#mixamorig_Head-Interpolations-array" count="22">
            <param type="name"/>
          </accessor>
        </technique_common>
      </source>
      <sampler id="mixamorig_Head-Matrix-animation-transform">
        <input semantic="INPUT" source="#mixamorig_Head-Matrix-animation-input"/>
        <input semantic="OUTPUT" source="#mixamorig_Head-Matrix-animation-output-transform"/>
        <input semantic="INTERPOLATION" source="#mixamorig_Head-Interpolations"/>
      </sampler>
      <channel source="#mixamorig_Head-Matrix-animation-transform" target="mixamorig_Head/matrix"/>
    </animation>
    <animation id="mixamorig_LeftShoulder-anim" name="mixamorig_LeftShoulder">
      <source id="mixamorig_LeftShoulder-Matrix-animation-input">
        <float_array id="mixamorig_LeftShoulder-Matrix-animation-input-array" count="22">

0.000000 0.033333 0.066667 0.100000 0.133333 0.166667 0.200000 0.233333 0.266667 0.300000 0.333333 0.366667 0.400000 0.433333 0.466667 0.500000
0.533333 0.566667 0.600000 0.633333 0.666667 0.700000</float_array>
        <technique_common>
          <accessor source="#mixamorig_LeftShoulder-Matrix-animation-input-array" count="22">
            <param name="TIME" type="float"/>
          </accessor>
        </technique_common>
      </source>
      <source id="mixamorig_LeftShoulder-Matrix-animation-output-transform">
        <float_array id="mixamorig_LeftShoulder-Matrix-animation-output-transform-array" count="352">

-0.027049 0.992492 -0.119281 5.935000 -0.071681 -0.120943 -0.990068 13.670200 -0.997061 -0.018231 0.074414 -1.662600 0.000000 0.000000 0.000000 1.000000
-0.026762 0.992498 -0.119299 5.935000 -0.071590 -0.120938 -0.990075 13.670200 -0.997075 -0.017956 0.074290 -1.662600 0.000000 0.000000 0.000000 1.000000
-0.025939 0.992518 -0.119308 5.935000 -0.071325 -0.120882 -0.990101 13.670200 -0.997116 -0.017172 0.073927 -1.662600 0.000000 0.000000 0.000000 1.000000
-0.024706 0.992557 -0.119245 5.935000 -0.070919 -0.120721 -0.990150 13.670200 -0.997176 -0.016006 0.073374 -1.662600 0.000000 0.000000 0.000000 1.000000
-0.023189 0.992617 -0.119056 5.935000 -0.070406 -0.120414 -0.990224 13.670200 -0.997249 -0.014580 0.072678 -1.662600 0.000000 0.000000 0.000000 1.000000
-0.021512 0.992698 -0.118690 5.935000 -0.069819 -0.119919 -0.990326 13.670200 -0.997328 -0.013017 0.071889 -1.662600 0.000000 0.000000 0.000000 1.000000
-0.019802 0.992804 -0.118098 5.935000 -0.069194 -0.119199 -0.990456 13.670200 -0.997407 -0.011441 0.071056 -1.662600 0.000000 0.000000 0.000000 1.000000
-0.018187 0.992929 -0.117305 5.935000 -0.068575 -0.118287 -0.990609 13.670200 -0.997480 -0.009972 0.070241 -1.662600 0.000000 0.000000 0.000000 1.000000
-0.016799 0.993055 -0.116445 5.935000 -0.068022 -0.117327 -0.990761 13.670200 -0.997542 -0.008723 0.069521 -1.662600 0.000000 0.000000 0.000000 1.000000
-0.015775 0.993162 -0.115676 5.935000 -0.067597 -0.116485 -0.990889 13.670200 -0.997588 -0.007812 0.068972 -1.662600 0.000000 0.000000 0.000000 1.000000
-0.015246 0.993232 -0.115146 5.935000 -0.067361 -0.115918 -0.990972 13.670200 -0.997612 -0.007352 0.068672 -1.662600 0.000000 0.000000 0.000000 1.000000
-0.015281 0.993250 -0.114979 5.935000 -0.067353 -0.115754 -0.990992 13.670200 -0.997612 -0.007400 0.068667 -1.662600 0.000000 0.000000 0.000000 1.000000
-0.015782 0.993223 -0.115146 5.935000 -0.067534 -0.115957 -0.990956 13.670200 -0.997592 -0.007862 0.068907 -1.662600 0.000000 0.000000 0.000000 1.000000
-0.016652 0.993172 -0.115466 5.935000 -0.067855 -0.116338 -0.990889 13.670200 -0.997556 -0.008665 0.069329 -1.662600 0.000000 0.000000 0.000000 1.000000
-0.017809 0.993102 -0.115893 5.935000 -0.068280 -0.116849 -0.990800 13.670200 -0.997507 -0.009732 0.069890 -1.662600 0.000000 0.000000 0.000000 1.000000
-0.019172 0.993018 -0.116398 5.935000 -0.068783 -0.117453 -0.990694 13.670200 -0.997447 -0.010987 0.070554 -1.662600 0.000000 0.000000 0.000000 1.000000
-0.020657 0.992924 -0.116941 5.935000 -0.069329 -0.118107 -0.990578 13.670200 -0.997380 -0.012355 0.071278 -1.662600 0.000000 0.000000 0.000000 1.000000
-0.022183 0.992825 -0.117500 5.935000 -0.069890 -0.118782 -0.990458 13.670200 -0.997308 -0.013759 0.072024 -1.662600 0.000000 0.000000 0.000000 1.000000
-0.023667 0.992727 -0.118041 5.935000 -0.070436 -0.119436 -0.990340 13.670200 -0.997235 -0.015124 0.072751 -1.662600 0.000000 0.000000 0.000000 1.000000
-0.025028 0.992633 -0.118543 5.935000 -0.070937 -0.120044 -0.990231 13.670200 -0.997167 -0.016374 0.073419 -1.662600 0.000000 0.000000 0.000000 1.000000
-0.026182 0.992554 -0.118962 5.935000 -0.071362 -0.120555 -0.990138 13.670200 -0.997107 -0.017435 0.073987 -1.662600 0.000000 0.000000 0.000000 1.000000
-0.027049 0.992492 -0.119281 5.935000 -0.071681 -0.120943 -0.990068 13.670200 -0.997061 -0.018231 0.074414 -1.662600 0.000000 0.000000 0.000000 1.000000</float_array>
        <technique_common>
          <accessor source="#mixamorig_LeftShoulder-Matrix-animation-output-transform-array" count="22" stride="16">
            <param type="float4x4"/>
          </accessor>
        </technique_common>
      </source>
      <source id="mixamorig_LeftShoulder-Interpolations">
        <Name_array id="mixamorig_LeftShoulder-Interpolations-array" count="22">
 LINEAR LINEAR LINEAR LINEAR LINEAR LINEAR LINEAR LINEAR LINEAR LINEAR LINEAR
LINEAR LINEAR LINEAR LINEAR LINEAR LINEAR LINEAR LINEAR LINEAR LINEAR LINEAR</Name_array>
        <technique_common>
          <accessor source="#mixamorig_LeftShoulder-Interpolations-array" count="22">
            <param type="name"/>
          </accessor>
        </technique_common>
      </source>
      <sampler id="mixamorig_LeftShoulder-Matrix-animation-transform">
        <input semantic="INPUT" source="#mixamorig_LeftShoulder-Matrix-animation-input"/>
        <input semantic="OUTPUT" source="#mixamorig_LeftShoulder-Matrix-animation-output-transform"/>
        <input semantic="INTERPOLATION" source="#mixamorig_LeftShoulder-Interpolations"/>
      </sampler>
      <channel source="#mixamorig_LeftShoulder-Matrix-animation-transform" target="mixamorig_LeftShoulder/matrix"/>
    </animation>
    <animation id="mixamorig_LeftArm-anim" name="mixamorig_LeftArm">
      <source id="mixamorig_LeftArm-Matrix-animation-input">
        <float_array id="mixamorig_LeftArm-Matrix-animation-input-array" count="22">

0.000000 0.033333 0.066667 0.100000 0.133333 0.166667 0.200000 0.233333 0.266667 0.300000 0.333333 0.366667 0.400000 0.433333 0.466667 0.500000
0.533333 0.566667 0.600000 0.633333 0.666667 0.700000</float_array>
        <technique_common>
          <accessor source="#mixamorig_LeftArm-Matrix-animation-input-array" count="22">
            <param name="TIME" type="float"/>
          </accessor>
        </technique_common>
      </source>
      <source id="mixamorig_LeftArm-Matrix-animation-output-transform">
        <float_array id="mixamorig_LeftArm-Matrix-animation-output-transform-array" count="352">

0.876194 0.174672 -0.449192 0.000000 -0.081446 0.972273 0.219207 12.607900 0.475026 -0.155484 0.866126 0.000000 0.000000 0.000000 0.000000 1.000000
0.876442 0.170710 -0.450230 -0.000000 -0.080337 0.973781 0.212832 12.607900 0.474758 -0.150364 0.867177 0.000000 0.000000 0.000000 0.000000 1.000000
0.877107 0.163745 -0.451520 0.000000 -0.077015 0.975875 0.204296 12.607900 0.474079 -0.144415 0.868558 0.000000 0.000000 0.000000 0.000000 1.000000
0.877988 0.154636 -0.453017 0.000000 -0.071845 0.978233 0.194676 12.607900 0.473260 -0.138376 0.869987 -0.000000 0.000000 0.000000 0.000000 1.000000
0.878877 0.144258 -0.454714 -0.000000 -0.065206 0.980563 0.185053 12.607900 0.472571 -0.132989 0.871201 0.000000 0.000000 0.000000 0.000000 1.000000
0.879567 0.133500 -0.456661 -0.000000 -0.057498 0.982618 0.176512 12.607900 0.472288 -0.128997 0.871954 0.000000 0.000000 0.000000 0.000000 1.000000
0.879888 0.123145 -0.458946 0.000000 -0.049022 0.984207 0.170101 12.607900 0.472645 -0.127171 0.872029 0.000000 0.000000 0.000000 0.000000 1.000000
0.879912 0.113206 -0.461453 0.000000 -0.039604 0.985296 0.166200 12.607900 0.473483 -0.127966 0.871458 0.000000 0.000000 0.000000 0.000000 1.000000
0.879719 0.104218 -0.463933 -0.000000 -0.030054 0.985921 0.164489 12.607900 0.474544 -0.130761 0.870465 0.000000 0.000000 0.000000 0.000000 1.000000
