<?xml version="1.0" encoding="utf-8"?>
<COLLADA xmlns="http://www.collada.org/2005/11/COLLADASchema" version="1.4.1">
  <asset>
    <contributor>
      <author>Mixamo</author>
      <authoring_tool>COLLADA Mixamo exporter</authoring_tool>
      <comments/>
    </contributor>
    <created>2023-03-14T07:07:07Z</created>
    <modified>2023-03-14T07:07:07Z</modified>
    <revision/>
    <title/>
    <unit meter="0.010000"/>
    <up_axis>Y_UP</up_axis>
  </asset>
  <library_animations>
    <animation id="mixamorig_Hips-anim" name="mixamorig_Hips">
      <source id="mixamorig_Hips-Matrix-animation-input">
        <float_array id="mixamorig_Hips-Matrix-animation-input-array" count="34">

0.000000 0.033333 0.066667 0.100000 0.133333 0.166667 0.200000 0.233333 0.266667 0.300000 0.333333 0.366667 0.400000 0.433333 0.466667 0.500000
0.533333 0.566667 0.600000 0.633333 0.666667 0.700000 0.733333 0.766667 0.800000 0.833333 0.866667 0.900000 0.933333 0.966667 1.000000 1.033333
1.066667 1.100000</float_array>
        <technique_common>
          <accessor source="#mixamorig_Hips-Matrix-animation-input-array" count="34">
            <param name="TIME" type="float"/>
          </accessor>
        </technique_common>
      </source>
      <source id="mixamorig_Hips-Matrix-animation-output-transform">
        <float_array id="mixamorig_Hips-Matrix-animation-output-transform-array" count="544">

0.993834 0.053494 0.097118 0.437397 -0.054785 0.998441 0.010674 102.548294 -0.096396 -0.015929 0.995216 1.564611 0.000000 0.000000 0.000000 1.000000
0.996930 0.038094 0.068403 0.723862 -0.038335 0.999262 0.002218 102.561432 -0.068268 -0.004833 0.997655 1.168437 0.000000 0.000000 0.000000 1.000000
0.998662 0.038782 0.034203 1.065262 -0.038428 0.999201 -0.010944 102.284897 -0.034601 0.009615 0.999355 0.819128 0.000000 0.000000 0.000000 1.000000
0.998248 0.058486 -0.008927 1.479841 -0.058696 0.997954 -0.025361 101.555603 0.007426 0.025840 0.999638 0.619507 0.000000 0.000000 0.000000 1.000000
0.994680 0.087273 -0.054735 1.948949 -0.089234 0.995415 -0.034451 100.313400 0.051478 0.039152 0.997906 0.687949 0.000000 0.000000 0.000000 1.000000
0.990877 0.103436 -0.086396 2.414102 -0.106779 0.993666 -0.035009 98.939697 0.082228 0.043915 0.995646 1.016731 0.000000 0.000000 0.000000 1.000000
0.991631 0.090805 -0.091772 2.839788 -0.093854 0.995150 -0.029469 97.730156 0.088651 0.037836 0.995344 1.552631 0.000000 0.000000 0.000000 1.000000
0.995827 0.049083 -0.076944 3.229616 -0.050758 0.998511 -0.019964 96.883430 0.075850 0.023786 0.996836 2.247802 0.000000 0.000000 0.000000 1.000000
0.997963 -0.002686 -0.063744 3.637312 0.002184 0.999966 -0.007951 96.205315 0.063763 0.007795 0.997935 3.333290 0.000000 0.000000 0.000000 1.000000
0.996474 -0.052560 -0.065406 4.096999 0.052909 0.998593 0.003613 95.908867 0.065124 -0.007061 0.997852 4.458896 0.000000 0.000000 0.000000 1.000000
0.992875 -0.090528 -0.077482 4.597577 0.091885 0.995669 0.014128 95.998566 0.075867 -0.021147 0.996894 5.305479 0.000000 0.000000 0.000000 1.000000
0.990084 -0.111578 -0.085352 5.062941 0.114099 0.993149 0.025244 96.456772 0.081951 -0.034733 0.996031 5.745769 0.000000 0.000000 0.000000 1.000000
0.988320 -0.125852 -0.085932 5.368195 0.129222 0.991004 0.034836 97.089012 0.080775 -0.045534 0.995692 5.440627 0.000000 0.000000 0.000000 1.000000
0.988089 -0.129213 -0.083573 5.529370 0.132681 0.990455 0.037342 98.120689 0.077950 -0.047986 0.995802 4.889890 0.000000 0.000000 0.000000 1.000000
0.989044 -0.122120 -0.082939 5.586873 0.124957 0.991711 0.029909 99.275757 0.078599 -0.039945 0.996106 4.280020 0.000000 0.000000 0.000000 1.000000
0.991019 -0.107211 -0.079919 5.558925 0.108839 0.993926 0.016288 100.263229 0.077687 -0.024840 0.996668 3.611684 0.000000 0.000000 0.000000 1.000000
0.994003 -0.085678 -0.067946 5.455511 0.086028 0.996290 0.002233 100.984581 0.067503 -0.008065 0.997686 2.906585 0.000000 0.000000 0.000000 1.000000
0.996919 -0.063565 -0.045960 5.260396 0.063157 0.997951 -0.010270 101.335106 0.046518 0.007335 0.998891 2.243480 0.000000 0.000000 0.000000 1.000000
0.998611 -0.050233 -0.015878 4.964788 0.049873 0.998506 -0.022310 101.341438 0.016975 0.021487 0.999625 1.751796 0.000000 0.000000 0.000000 1.000000
0.998440 -0.051776 0.020898 4.572290 0.052454 0.998067 -0.033343 101.085495 -0.019131 0.034388 0.999225 1.507012 0.000000 0.000000 0.000000 1.000000
0.996112 -0.063866 0.060676 4.098977 0.066354 0.996998 -0.039900 100.507767 -0.057946 0.043771 0.997360 1.552508 0.000000 0.000000 0.000000 1.000000
0.992804 -0.073487 0.094552 3.579519 0.077519 0.996200 -0.039697 99.668884 -0.091276 0.046741 0.994728 1.971399 0.000000 0.000000 0.000000 1.000000
0.991439 -0.064504 0.113523 3.064041 0.068723 0.997068 -0.033647 98.872345 -0.111020 0.041161 0.992965 2.627929 0.000000 0.000000 0.000000 1.000000
0.991925 -0.037719 0.121087 2.539519 0.040760 0.998910 -0.022742 98.093674 -0.120097 0.027494 0.992381 3.501913 0.000000 0.000000 0.000000 1.000000
0.991559 -0.003114 0.129620 1.962748 0.004214 0.999957 -0.008212 97.321953 -0.129588 0.008689 0.991530 4.633873 0.000000 0.000000 0.000000 1.000000
0.988918 0.038477 0.143389 1.326106 -0.039945 0.999175 0.007378 96.878166 -0.142987 -0.013024 0.989639 5.596895 0.000000 0.000000 0.000000 1.000000
0.984430 0.079582 0.156728 0.643110 -0.084132 0.996198 0.022608 96.742699 -0.154333 -0.035442 0.987383 6.180777 0.000000 0.000000 0.000000 1.000000
0.980973 0.109836 0.160090 0.015412 -0.117285 0.992378 0.037822 97.121712 -0.154716 -0.055879 0.986378 6.351740 0.000000 0.000000 0.000000 1.000000
0.979391 0.126783 0.157221 -0.416672 -0.136182 0.989397 0.050479 98.020782 -0.149154 -0.070850 0.986272 5.894973 0.000000 0.000000 0.000000 1.000000
0.979287 0.128140 0.156769 -0.557143 -0.138136 0.988908 0.054581 99.168175 -0.148037 -0.075106 0.986126 5.038987 0.000000 0.000000 0.000000 1.000000
0.980614 0.115409 0.158357 -0.442680 -0.124362 0.991084 0.047810 100.381805 -0.151427 -0.066577 0.986224 4.139189 0.000000 0.000000 0.000000 1.000000
0.983587 0.096033 0.152755 -0.171572 -0.102427 0.994141 0.034535 101.394951 -0.148544 -0.049615 0.987660 3.292202 0.000000 0.000000 0.000000 1.000000
0.988349 0.075141 0.132364 0.145224 -0.078581 0.996688 0.020949 102.094208 -0.130351 -0.031106 0.990980 2.456018 0.000000 0.000000 0.000000 1.000000
0.993834 0.053495 0.097118 0.437402 -0.054786 0.998441 0.010674 102.548309 -0.096396 -0.015929 0.995216 1.564612 0.000000 0.000000 0.000000 1.000000</float_array>
        <technique_common>
          <accessor source="#mixamorig_Hips-Matrix-animation-output-transform-array" count="34" stride="16">
            <param type="float4x4"/>
          </accessor>
        </technique_common>
      </source>
      <source id="mixamorig_Hips-Interpolations">
        <Name_array id="mixamorig_Hips-Interpolations-array" count="34">
 LINEAR LINEAR LINEAR LINEAR LINEAR LINEAR LINEAR LINEAR LINEAR LINEAR LINEAR
LINEAR LINEAR LINEAR LINEAR LINEAR LINEAR LINEAR LINEAR LINEAR LINEAR LINEAR LINEAR
LINEAR LINEAR LINEAR LINEAR LINEAR LINEAR LINEAR LINEAR LINEAR LINEAR LINEAR</Name_array>
        <technique_common>
          <accessor source="#mixamorig_Hips-Interpolations-array" count="34">
            <param type="name"/>
          </accessor>
        </technique_common>
      </source>
      <sampler id="mixamorig_Hips-Matrix-animation-transform">
        <input semantic="INPUT" source="#mixamorig_Hips-Matrix-animation-input"/>
        <input semantic="OUTPUT" source="#mixamorig_Hips-Matrix-animation-output-transform"/>
        <input semantic="INTERPOLATION" source="#mixamorig_Hips-Interpolations"/>
      </sampler>
      <channel source="#mixamorig_Hips-Matrix-animation-transform" target="mixamorig_Hips/matrix"/>
    </animation>
    <animation id="mixamorig_Spine-anim" name="mixamorig_Spine">
      <source id="mixamorig_Spine-Matrix-animation-input">
        <float_array id="mixamorig_Spine-Matrix-animation-input-array" count="34">

0.000000 0.033333 0.066667 0.100000 0.133333 0.166667 0.200000 0.233333 0.266667 0.300000 0.333333 0.366667 0.400000 0.433333 0.466667 0.500000
0.533333 0.566667 0.600000 0.633333 0.666667 0.700000 0.733333 0.766667 0.800000 0.833333 0.866667 0.900000 0.933333 0.966667 1.000000 1.033333
1.066667 1.100000</float_array>
        <technique_common>
          <accessor source="#mixamorig_Spine-Matrix-animation-input-array" count="34">
            <param name="TIME" type="float"/>
          </accessor>
        </technique_common>
      </source>
      <source id="mixamorig_Spine-Matrix-animation-output-transform">
        <float_array id="mixamorig_Spine-Matrix-animation-output-transform-array" count="544">

0.999150 -0.038060 -0.015850 0.000000 0.039682 0.992066 0.119290 10.182400 0.011184 -0.119818 0.992733 -0.000000 0.000000 0.000000 0.000000 1.000000
0.999204 -0.039276 0.007002 0.000000 0.038124 0.991734 0.122514 10.182400 -0.011756 -0.122150 0.992442 0.000000 0.000000 0.000000 0.000000 1.000000
0.997827 -0.057207 0.032692 0.000000 0.052570 0.990328 0.128404 10.182400 -0.039722 -0.126406 0.991183 0.000000 0.000000 0.000000 0.000000 1.000000
0.993574 -0.094223 0.062703 0.000000 0.084888 0.986819 0.137774 10.182400 -0.074858 -0.131566 0.988477 0.000000 0.000000 0.000000 0.000000 1.000000
0.986242 -0.137653 0.091533 0.000000 0.123133 0.981168 0.148818 10.182400 -0.110295 -0.135500 0.984619 -0.000000 0.000000 0.000000 0.000000 1.000000
0.980754 -0.162510 0.108227 0.000000 0.144782 0.977198 0.155312 10.182400 -0.130999 -0.136653 0.981919 0.000000 0.000000 0.000000 0.000000 1.000000
0.982552 -0.151562 0.107794 0.000000 0.134192 0.979017 0.153355 10.182400 -0.128775 -0.136214 0.982274 0.000000 0.000000 0.000000 0.000000 1.000000
0.989604 -0.105895 0.097319 -0.000000 0.090838 0.984821 0.147903 10.182400 -0.111504 -0.137525 0.984202 0.000000 0.000000 0.000000 0.000000 1.000000
0.994815 -0.047682 0.089832 0.000000 0.034171 0.988644 0.146342 10.182400 -0.095790 -0.142514 0.985147 -0.000000 0.000000 0.000000 0.000000 1.000000
0.995970 0.007373 0.089389 0.000000 -0.020534 0.988889 0.147232 10.182400 -0.087310 -0.148474 0.985054 0.000000 0.000000 0.000000 0.000000 1.000000
0.994908 0.046270 0.089542 0.000000 -0.058912 0.987801 0.144149 10.182400 -0.081780 -0.148690 0.985497 0.000000 0.000000 0.000000 0.000000 1.000000
0.994631 0.064308 0.081072 0.000000 -0.074827 0.988125 0.134201 10.182400 -0.071479 -0.139547 0.987632 0.000000 0.000000 0.000000 0.000000 1.000000
0.995003 0.074574 0.066386 0.000000 -0.082198 0.989280 0.120702 10.182400 -0.056673 -0.125556 0.990467 0.000000 0.000000 0.000000 0.000000 1.000000
0.995919 0.076706 0.047562 -0.000000 -0.081604 0.990416 0.111428 10.182400 -0.038558 -0.114854 0.992634 0.000000 0.000000 0.000000 0.000000 1.000000
0.996957 0.072574 0.028455 0.000000 -0.075271 0.991151 0.109333 10.182400 -0.020268 -0.111142 0.993598 0.000000 0.000000 0.000000 0.000000 1.000000
0.997862 0.064491 0.010638 0.000000 -0.065274 0.991718 0.110608 10.182400 -0.003417 -0.111066 0.993807 0.000000 0.000000 0.000000 0.000000 1.000000
0.998574 0.053105 -0.005515 0.000000 -0.052174 0.992522 0.110353 10.182400 0.011335 -0.109908 0.993877 0.000000 0.000000 0.000000 0.000000 1.000000
0.998814 0.044237 -0.020344 0.000000 -0.041782 0.993230 0.108387 10.182400 0.025001 -0.107409 0.993901 0.000000 0.000000 0.000000 0.000000 1.000000
0.998201 0.046780 -0.037498 -0.000000 -0.042462 0.993171 0.108664 10.182400 0.042325 -0.106877 0.993371 -0.000000 0.000000 0.000000 0.000000 1.000000
0.996043 0.065163 -0.060439 0.000000 -0.057947 0.991755 0.114301 10.182400 0.067388 -0.110346 0.991606 0.000000 0.000000 0.000000 0.000000 1.000000
0.992023 0.092176 -0.085994 -0.000000 -0.081118 0.988931 0.124240 10.182400 0.096494 -0.116273 0.988519 0.000000 0.000000 0.000000 0.000000 1.000000
0.988117 0.112245 -0.105004 0.000000 -0.097816 0.986182 0.133708 10.182400 0.118561 -0.121848 0.985442 0.000000 0.000000 0.000000 0.000000 1.000000
0.987799 0.108602 -0.111618 0.000000 -0.092746 0.986000 0.138573 10.182400 0.125105 -0.126530 0.984042 0.000000 0.000000 0.000000 0.000000 1.000000
0.990244 0.083695 -0.111408 0.000000 -0.067670 0.987756 0.140566 10.182400 0.121808 -0.131655 0.983783 0.000000 0.000000 0.000000 0.000000 1.000000
0.992166 0.050353 -0.114330 -0.000000 -0.033762 0.989194 0.142673 10.182400 0.120278 -0.137695 0.983145 0.000000 0.000000 0.000000 0.000000 1.000000
0.992527 0.011914 -0.121445 0.000000 0.005558 0.989776 0.142519 10.182400 0.121901 -0.142129 0.982313 0.000000 0.000000 0.000000 0.000000 1.000000
0.991820 -0.022889 -0.125579 0.000000 0.040110 0.989845 0.136372 10.182400 0.121182 -0.140293 0.982666 0.000000 0.000000 0.000000 0.000000 1.000000
0.991946 -0.045577 -0.118180 0.000000 0.060317 0.990408 0.124316 10.182400 0.111380 -0.130443 0.985180 0.000000 0.000000 0.000000 0.000000 1.000000
0.992973 -0.057576 -0.103386 0.000000 0.069040 0.991423 0.110964 10.182400 0.096110 -0.117322 0.988432 0.000000 0.000000 0.000000 0.000000 1.000000
0.994291 -0.060229 -0.088075 0.000000 0.069265 0.992223 0.103424 10.182400 0.081160 -0.108934 0.990730 0.000000 0.000000 0.000000 0.000000 1.000000
0.995722 -0.055783 -0.073657 0.000000 0.063362 0.992459 0.104933 10.182400 0.067248 -0.109152 0.991748 0.000000 0.000000 0.000000 0.000000 1.000000
0.997097 -0.049518 -0.057838 0.000000 0.055762 0.992157 0.111874 10.182400 0.051845 -0.114774 0.992038 0.000000 0.000000 0.000000 0.000000 1.000000
0.998297 -0.043870 -0.038456 -0.000000 0.048134 0.991842 0.118039 10.182400 0.032963 -0.119689 0.992264 0.000000 0.000000 0.000000 0.000000 1.000000
0.999150 -0.038060 -0.015850 0.000000 0.039683 0.992066 0.119290 10.182400 0.011184 -0.119818 0.992733 0.000000 0.000000 0.000000 0.000000 1.000000</float_array>
        <technique_common>
          <accessor source="#mixamorig_Spine-Matrix-animation-output-transform-array" count="34" stride="16">
            <param type="float4x4"/>
          </accessor>
        </technique_common>
      </source>
      <source id="mixamorig_Spine-Interpolations">
        <Name_array id="mixamorig_Spine-Interpolations-array" count="34">
 LINEAR LINEAR LINEAR LINEAR LINEAR LINEAR LINEAR LINEAR LINEAR LINEAR LINEAR
LINEAR LINEAR LINEAR LINEAR LINEAR LINEAR LINEAR LINEAR LINEAR LINEAR LINEAR LINEAR
LINEAR LINEAR LINEAR LINEAR LINEAR LINEAR LINEAR LINEAR LINEAR LINEAR LINEAR</Name_array>
        <technique_common>
          <accessor source="#mixamorig_Spine-Interpolations-array" count="34">
            <param type="name"/>
          </accessor>
        </technique_common>
      </source>
      <sampler id="mixamorig_Spine-Matrix-animation-transform">
        <input semantic="INPUT" source="#mixamorig_Spine-Matrix-animation-input"/>
        <input semantic="OUTPUT" source="#mixamorig_Spine-Matrix-animation-output-transform"/>
        <input semantic="INTERPOLATION" source="#mixamorig_Spine-Interpolations"/>
      </sampler>
      <channel source="#mixamorig_Spine-Matrix-animation-transform" target="mixamorig_Spine/matrix"/>
    </animation>
    <animation id="mixamorig_Spine1-anim" name="mixamorig_Spine1">
      <source id="mixamorig_Spine1-Matrix-animation-input">
        <float_array id="mixamorig_Spine1-Matrix-animation-input-array" count="34">

0.000000 0.033333 0.066667 0.100000 0.133333 0.166667 0.200000 0.233333 0.266667 0.300000 0.333333 0.366667 0.400000 0.433333 0.466667 0.500000
0.533333 0.566667 0.600000 0.633333 0.666667 0.700000 0.733333 0.766667 0.800000 0.833333 0.866667 0.900000 0.933333 0.966667 1.000000 1.033333
1.066667 1.100000</float_array>
        <technique_common>
          <accessor source="#mixamorig_Spine1-Matrix-animation-input-array" count="34">
            <param name="TIME" type="float"/>
          </accessor>
        </technique_common>
      </source>
      <source id="mixamorig_Spine1-Matrix-animation-output-transform">
        <float_array id="mixamorig_Spine1-Matrix-animation-output-transform-array" count="544">

0.999927 -0.005919 -0.010529 0.000000 0.005459 0.999052 -0.043195 10.002700 0.010775 0.043134 0.999011 0.000000 0.000000 0.000000 0.000000 1.000000
0.999970 -0.004642 0.006188 -0.000000 0.004900 0.999094 -0.042283 10.002700 -0.005986 0.042312 0.999087 -0.000000 0.000000 0.000000 0.000000 1.000000
0.999771 -0.006944 0.020251 0.000000 0.007706 0.999257 -0.037772 10.002700 -0.019973 0.037919 0.999081 0.000000 0.000000 0.000000 0.000000 1.000000
0.999424 -0.013107 0.031290 0.000000 0.014058 0.999441 -0.030347 10.002700 -0.030875 0.030769 0.999050 -0.000000 0.000000 0.000000 0.000000 1.000000
0.999011 -0.021254 0.039048 -0.000000 0.022159 0.999492 -0.022899 10.002700 -0.038542 0.023741 0.998975 0.000000 0.000000 0.000000 0.000000 1.000000
0.998680 -0.027247 0.043534 0.000000 0.028097 0.999424 -0.019034 10.002700 -0.042990 0.020232 0.998871 0.000000 0.000000 0.000000 0.000000 1.000000
0.998592 -0.027351 0.045463 0.000000 0.028264 0.999409 -0.019574 10.002700 -0.044901 0.020831 0.998774 0.000000 0.000000 0.000000 0.000000 1.000000
0.998695 -0.021096 0.046500 0.000000 0.022118 0.999522 -0.021583 10.002700 -0.046023 0.022583 0.998685 0.000000 0.000000 0.000000 0.000000 1.000000
0.998793 -0.011384 0.047789 0.000000 0.012434 0.999686 -0.021744 10.002700 -0.047527 0.022312 0.998621 0.000000 0.000000 0.000000 0.000000 1.000000
0.998834 -0.001336 0.048260 0.000000 0.002335 0.999784 -0.020637 10.002700 -0.048222 0.020726 0.998622 0.000000 0.000000 0.000000 0.000000 1.000000
0.998922 0.008291 0.045675 -0.000000 -0.007272 0.999722 -0.022431 10.002700 -0.045848 0.022074 0.998705 0.000000 0.000000 0.000000 0.000000 1.000000
0.999067 0.017576 0.039437 -0.000000 -0.016414 0.999428 -0.029584 10.002700 -0.039935 0.028909 0.998784 0.000000 0.000000 0.000000 0.000000 1.000000
0.999212 0.024511 0.031215 0.000000 -0.023284 0.998965 -0.039067 10.002700 -0.032140 0.038310 0.998749 0.000000 0.000000 0.000000 0.000000 1.000000
0.999406 0.025957 0.022682 0.000000 -0.024904 0.998653 -0.045513 10.002700 -0.023833 0.044921 0.998706 0.000000 0.000000 0.000000 0.000000 1.000000
0.999677 0.021305 0.013876 -0.000000 -0.020626 0.998665 -0.047368 10.002700 -0.014867 0.047067 0.998781 0.000000 0.000000 0.000000 0.000000 1.000000
0.999904 0.013225 0.004232 -0.000000 -0.013007 0.998768 -0.047893 10.002700 -0.004860 0.047834 0.998843 0.000000 0.000000 0.000000 0.000000 1.000000
0.999971 0.004894 -0.005760 0.000000 -0.005176 0.998731 -0.050096 10.002700 0.005508 0.050124 0.998728 0.000000 0.000000 0.000000 0.000000 1.000000
0.999888 -0.001699 -0.014872 0.000000 0.000913 0.998610 -0.052699 10.002700 0.014941 0.052679 0.998500 0.000000 0.000000 0.000000 0.000000 1.000000
0.999730 -0.004926 -0.022725 0.000000 0.003736 0.998635 -0.052093 10.002700 0.022951 0.051994 0.998384 0.000000 0.000000 0.000000 0.000000 1.000000
0.999542 -0.003418 -0.030053 0.000000 0.002002 0.998892 -0.047024 10.002700 0.030181 0.046942 0.998442 0.000000 0.000000 0.000000 0.000000 1.000000
0.999302 0.002029 -0.037310 0.000000 -0.003522 0.999193 -0.040010 10.002700 0.037199 0.040113 0.998502 0.000000 0.000000 0.000000 0.000000 1.000000
0.998999 0.007756 -0.044046 -0.000000 -0.009276 0.999365 -0.034392 10.002700 0.043752 0.034766 0.998437 -0.000000 0.000000 0.000000 0.000000 1.000000
0.998689 0.009821 -0.050245 -0.000000 -0.011390 0.999454 -0.031025 10.002700 0.049913 0.031556 0.998255 0.000000 0.000000 0.000000 0.000000 1.000000
0.998337 0.007035 -0.057222 0.000000 -0.008667 0.999562 -0.028313 10.002700 0.056998 0.028762 0.997960 -0.000000 0.000000 0.000000 0.000000 1.000000
0.997834 0.000687 -0.065780 0.000000 -0.002350 0.999679 -0.025210 10.002700 0.065741 0.025310 0.997516 0.000000 0.000000 0.000000 0.000000 1.000000
0.997240 -0.008151 -0.073796 0.000000 0.006428 0.999702 -0.023547 10.002700 0.073966 0.023008 0.996995 0.000000 0.000000 0.000000 0.000000 1.000000
0.996819 -0.019299 -0.077321 0.000000 0.017285 0.999496 -0.026633 10.002700 0.077796 0.025212 0.996650 0.000000 0.000000 0.000000 0.000000 1.000000
0.996732 -0.031111 -0.074544 0.000000 0.028558 0.998977 -0.035062 10.002700 0.075558 0.032819 0.996601 -0.000000 0.000000 0.000000 0.000000 1.000000
0.996937 -0.039484 -0.067511 -0.000000 0.036516 0.998335 -0.044655 10.002700 0.069162 0.042053 0.996719 -0.000000 0.000000 0.000000 0.000000 1.000000
0.997404 -0.040873 -0.059282 0.000000 0.037940 0.998039 -0.049788 10.002700 0.061201 0.047410 0.996999 -0.000000 0.000000 0.000000 0.000000 1.000000
0.998097 -0.035441 -0.050463 0.000000 0.032989 0.998272 -0.048627 10.002700 0.052100 0.046870 0.997541 0.000000 0.000000 0.000000 0.000000 1.000000
0.998873 -0.026237 -0.039560 0.000000 0.024474 0.998713 -0.044412 10.002700 0.040674 0.043394 0.998230 0.000000 0.000000 0.000000 0.000000 1.000000
0.999536 -0.016037 -0.025893 -0.000000 0.014948 0.999017 -0.041744 10.002700 0.026537 0.041337 0.998793 0.000000 0.000000 0.000000 0.000000 1.000000
0.999927 -0.005919 -0.010529 0.000000 0.005459 0.999052 -0.043195 10.002700 0.010775 0.043134 0.999011 0.000000 0.000000 0.000000 0.000000 1.000000</float_array>
        <technique_common>
          <accessor source="#mixamorig_Spine1-Matrix-animation-output-transform-array" count="34" stride="16">
            <param type="float4x4"/>
          </accessor>
        </technique_common>
      </source>
      <source id="mixamorig_Spine1-Interpolations">
        <Name_array id="mixamorig_Spine1-Interpolations-array" count="34">
 LINEAR LINEAR LINEAR LINEAR LINEAR LINEAR LINEAR LINEAR LINEAR LINEAR LINEAR
LINEAR LINEAR LINEAR LINEAR LINEAR LINEAR LINEAR LINEAR LINEAR LINEAR LINEAR LINEAR
LINEAR LINEAR LINEAR LINEAR LINEAR LINEAR LINEAR LINEAR LINEAR LINEAR LINEAR</Name_array>
        <technique_common>
          <accessor source="#mixamorig_Spine1-Interpolations-array" count="34">
            <param type="name"/>
          </accessor>
        </technique_common>
      </source>
      <sampler id="mixamorig_Spine1-Matrix-animation-transform">
        <input semantic="INPUT" source="#mixamorig_Spine1-Matrix-animation-input"/>
        <input semantic="OUTPUT" source="#mixamorig_Spine1-Matrix-animation-output-transform"/>
        <input semantic="INTERPOLATION" source="#mixamorig_Spine1-Interpolations"/>
      </sampler>
      <channel source="#mixamorig_Spine1-Matrix-animation-transform" target="mixamorig_Spine1/matrix"/>
    </animation>
    <animation id="mixamorig_Spine2-anim" name="mixamorig_Spine2">
      <source id="mixamorig_Spine2-Matrix-animation-input">
        <float_array id="mixamorig_Spine2-Matrix-animation-input-array" count="34">

0.000000 0.033333 0.066667 0.100000 0.133333 0.166667 0.200000 0.233333 0.266667 0.300000 0.333333 0.366667 0.400000 0.433333 0.466667 0.500000
0.533333 0.566667 0.600000 0.633333 0.666667 0.700000 0.733333 0.766667 0.800000 0.833333 0.866667 0.900000 0.933333 0.966667 1.000000 1.033333
1.066667 1.100000</float_array>
        <technique_common>
          <accessor source="#mixamorig_Spine2-Matrix-animation-input-array" count="34">
            <param name="TIME" type="float"/>
          </accessor>
        </technique_common>
      </source>
      <source id="mixamorig_Spine2-Matrix-animation-output-transform">
        <float_array id="mixamorig_Spine2-Matrix-animation-output-transform-array" count="544">

0.999919 -0.005878 -0.011322 0.000000 0.005086 0.997621 -0.068755 9.322100 0.011699 0.068692 0.997569 0.000000 0.000000 0.000000 0.000000 1.000000
0.999974 -0.004713 0.005544 0.000000 0.005080 0.997665 -0.068112 9.322100 -0.005210 0.068138 0.997662 0.000000 0.000000 0.000000 0.000000 1.000000
0.999778 -0.007025 0.019878 0.000000 0.008279 0.997935 -0.063691 9.322100 -0.019390 0.063841 0.997772 0.000000 0.000000 0.000000 0.000000 1.000000
0.999425 -0.013073 0.031273 -0.000000 0.014817 0.998310 -0.056197 9.322100 -0.030485 0.056628 0.997930 0.000000 0.000000 0.000000 0.000000 1.000000
0.999004 -0.021020 0.039351 -0.000000 0.022926 0.998554 -0.048614 9.322100 -0.038272 0.049468 0.998042 -0.000000 0.000000 0.000000 0.000000 1.000000
0.998672 -0.026839 0.043973 0.000000 0.028805 0.998586 -0.044686 9.322100 -0.042711 0.045893 0.998033 0.000000 0.000000 0.000000 0.000000 1.000000
0.998589 -0.026891 0.045795 -0.000000 0.028969 0.998552 -0.045320 9.322100 -0.044510 0.046583 0.997922 -0.000000 0.000000 0.000000 0.000000 1.000000
0.998700 -0.020734 0.046558 0.000000 0.022949 0.998604 -0.047569 9.322100 -0.045507 0.048575 0.997782 0.000000 0.000000 0.000000 0.000000 1.000000
0.998806 -0.011218 0.047554 -0.000000 0.013504 0.998756 -0.048010 9.322100 -0.046956 0.048594 0.997714 0.000000 0.000000 0.000000 0.000000 1.000000
0.998855 -0.001370 0.047822 -0.000000 0.003624 0.998885 -0.047077 9.322100 -0.047704 0.047197 0.997746 0.000000 0.000000 0.000000 0.000000 1.000000
0.998947 0.008146 0.045139 -0.000000 -0.005937 0.998788 -0.048859 9.322100 -0.045483 0.048539 0.997785 0.000000 0.000000 0.000000 0.000000 1.000000
0.999092 0.017431 0.038878 0.000000 -0.015245 0.998323 -0.055845 9.322100 -0.039786 0.055201 0.997682 -0.000000 0.000000 0.000000 0.000000 1.000000
0.999230 0.024432 0.030697 -0.000000 -0.022393 0.997628 -0.065098 9.322100 -0.032215 0.064360 0.997407 0.000000 0.000000 0.000000 0.000000 1.000000
0.999415 0.025939 0.022281 0.000000 -0.024290 0.997157 -0.071336 9.322100 -0.024068 0.070754 0.997203 0.000000 0.000000 0.000000 0.000000 1.000000
0.999680 0.021315 0.013632 0.000000 -0.020264 0.997122 -0.073057 9.322100 -0.015150 0.072758 0.997235 -0.000000 0.000000 0.000000 0.000000 1.000000
0.999904 0.013249 0.004106 -0.000000 -0.012912 0.997209 -0.073532 9.322100 -0.005069 0.073472 0.997284 0.000000 0.000000 0.000000 0.000000 1.000000
0.999970 0.004950 -0.005878 0.000000 -0.005381 0.997114 -0.075733 9.322100 0.005487 0.075762 0.997111 0.000000 0.000000 0.000000 0.000000 1.000000
0.999884 -0.001606 -0.015114 0.000000 0.000418 0.996927 -0.078330 9.322100 0.015194 0.078315 0.996813 0.000000 0.000000 0.000000 0.000000 1.000000
0.999719 -0.004838 -0.023198 -0.000000 0.003022 0.996975 -0.077669 9.322100 0.023503 0.077577 0.996709 0.000000 0.000000 0.000000 0.000000 1.000000
0.999520 -0.003392 -0.030802 0.000000 0.001152 0.997371 -0.072460 9.322100 0.030967 0.072389 0.996896 -0.000000 0.000000 0.000000 0.000000 1.000000
0.999265 0.001976 -0.038292 -0.000000 -0.004473 0.997860 -0.065239 9.322100 0.038081 0.065362 0.997135 0.000000 0.000000 0.000000 0.000000 1.000000
0.998952 0.007653 -0.045132 0.000000 -0.010332 0.998180 -0.059421 9.322100 0.044595 0.059825 0.997212 0.000000 0.000000 0.000000 0.000000 1.000000
0.998637 0.009695 -0.051281 -0.000000 -0.012565 0.998355 -0.055937 9.322100 0.050655 0.056505 0.997116 0.000000 0.000000 0.000000 0.000000 1.000000
0.998288 0.006891 -0.058089 0.000000 -0.009990 0.998532 -0.053231 9.322100 0.057637 0.053720 0.996891 0.000000 0.000000 0.000000 0.000000 1.000000
0.997791 0.000538 -0.066422 0.000000 -0.003882 0.998730 -0.050234 9.322100 0.066311 0.050381 0.996526 0.000000 0.000000 0.000000 0.000000 1.000000
0.997205 -0.008264 -0.074258 0.000000 0.004652 0.998804 -0.048681 9.322100 0.074571 0.048199 0.996050 0.000000 0.000000 0.000000 0.000000 1.000000
0.996783 -0.019344 -0.077777 0.000000 0.015339 0.998541 -0.051765 9.322100 0.078665 0.050406 0.995626 0.000000 0.000000 0.000000 0.000000 1.000000
0.996680 -0.031108 -0.075242 -0.000000 0.026611 0.997841 -0.060048 9.322100 0.076948 0.057847 0.995356 0.000000 0.000000 0.000000 0.000000 1.000000
0.996864 -0.039488 -0.068582 -0.000000 0.034716 0.996982 -0.069432 9.322100 0.071117 0.066833 0.995226 0.000000 0.000000 0.000000 0.000000 1.000000
0.997322 -0.040908 -0.060619 0.000000 0.036352 0.996562 -0.074451 9.322100 0.063456 0.072048 0.995381 0.000000 0.000000 0.000000 0.000000 1.000000
0.998026 -0.035478 -0.051816 -0.000000 0.031624 0.996801 -0.073394 9.322100 0.054254 0.071611 0.995956 0.000000 0.000000 0.000000 0.000000 1.000000
0.998826 -0.026228 -0.040739 -0.000000 0.023355 0.997311 -0.069468 9.322100 0.042452 0.068435 0.996752 0.000000 0.000000 0.000000 0.000000 1.000000
0.999512 -0.015982 -0.026857 -0.000000 0.014149 0.997645 -0.067112 9.322100 0.027866 0.066699 0.997384 0.000000 0.000000 0.000000 0.000000 1.000000
0.999919 -0.005878 -0.011322 -0.000000 0.005086 0.997621 -0.068755 9.322100 0.011699 0.068692 0.997569 0.000000 0.000000 0.000000 0.000000 1.000000</float_array>
        <technique_common>
          <accessor source="#mixamorig_Spine2-Matrix-animation-output-transform-array" count="34" stride="16">
            <param type="float4x4"/>
          </accessor>
        </technique_common>
      </source>
      <source id="mixamorig_Spine2-Interpolations">
        <Name_array id="mixamorig_Spine2-Interpolations-array" count="34">
 LINEAR LINEAR LINEAR LINEAR LINEAR LINEAR LINEAR LINEAR LINEAR LINEAR LINEAR
LINEAR LINEAR LINEAR LINEAR LINEAR LINEAR LINEAR LINEAR LINEAR LINEAR LINEAR LINEAR
LINEAR LINEAR LINEAR LINEAR LINEAR LINEAR LINEAR LINEAR LINEAR LINEAR LINEAR</Name_array>
        <technique_common>
          <accessor source="#mixamorig_Spine2-Interpolations-array" count="34">
            <param type="name"/>
          </accessor>
        </technique_common>
      </source>
      <sampler id="mixamorig_Spine2-Matrix-animation-transform">
        <input semantic="INPUT" source="#mixamorig_Spine2-Matrix-animation-input"/>
        <input semantic="OUTPUT" source="#mixamorig_Spine2-Matrix-animation-output-transform"/>
        <input semantic="INTERPOLATION" source="#mixamorig_Spine2-Interpolations"/>
      </sampler>
      <channel source="#mixamorig_Spine2-Matrix-animation-transform" target="mixamorig_Spine2/matrix"/>
    </animation>
    <animation id="mixamorig_Neck-anim" name="mixamorig_Neck">
      <source id="mixamorig_Neck-Matrix-animation-input">
        <float_array id="mixamorig_Neck-Matrix-animation-input-array" count="34">

0.000000 0.033333 0.066667 0.100000 0.133333 0.166667 0.200000 0.233333 0.266667 0.300000 0.333333 0.366667 0.400000 0.433333 0.466667 0.500000
0.533333 0.566667 0.600000 0.633333 0.666667 0.700000 0.733333 0.766667 0.800000 0.833333 0.866667 0.900000 0.933333 0.966667 1.000000 1.033333
1.066667 1.100000</float_array>
        <technique_common>
          <accessor source="#mixamorig_Neck-Matrix-animation-input-array" count="34">
            <param name="TIME" type="float"/>
          </accessor>
        </technique_common>
      </source>
      <source id="mixamorig_Neck-Matrix-animation-output-transform">
        <float_array id="mixamorig_Neck-Matrix-animation-output-transform-array" count="544">

0.999715 -0.007206 -0.022751 0.000000 0.006757 0.999783 -0.019728 16.865299 0.022888 0.019569 0.999547 0.000000 0.000000 0.000000 0.000000 1.000000
0.999675 0.000829 -0.025491 0.000000 -0.001328 0.999808 -0.019565 16.865299 0.025470 0.019592 0.999484 0.000000 0.000000 0.000000 0.000000 1.000000
0.999586 0.010081 -0.026964 0.000000 -0.010566 0.999784 -0.017905 16.865299 0.026777 0.018182 0.999476 0.000000 0.000000 0.000000 0.000000 1.000000
0.999436 0.019851 -0.027095 0.000000 -0.020282 0.999671 -0.015725 16.865299 0.026774 0.016266 0.999509 0.000000 0.000000 0.000000 0.000000 1.000000
0.999257 0.028298 -0.026162 -0.000000 -0.028665 0.999494 -0.013768 16.865299 0.025759 0.014508 0.999563 -0.000000 0.000000 0.000000 0.000000 1.000000
0.999140 0.033187 -0.024868 0.000000 -0.033497 0.999365 -0.012162 16.865299 0.024449 0.012984 0.999617 0.000000 0.000000 0.000000 0.000000 1.000000
0.999159 0.033107 -0.024193 0.000000 -0.033384 0.999380 -0.011153 16.865299 0.023809 0.011951 0.999645 0.000000 0.000000 0.000000 0.000000 1.000000
0.999299 0.027905 -0.024952 0.000000 -0.028210 0.999531 -0.011945 16.865299 0.024607 0.012640 0.999617 0.000000 0.000000 0.000000 0.000000 1.000000
0.999460 0.018909 -0.026874 0.000000 -0.019324 0.999697 -0.015278 16.865299 0.026577 0.015789 0.999522 -0.000000 0.000000 0.000000 0.000000 1.000000
0.999558 0.009088 -0.028302 0.000000 -0.009627 0.999774 -0.018964 16.865299 0.028123 0.019228 0.999420 -0.000000 0.000000 0.000000 0.000000 1.000000
0.999620 0.001952 -0.027514 0.000000 -0.002468 0.999821 -0.018732 16.865299 0.027473 0.018793 0.999446 0.000000 0.000000 0.000000 0.000000 1.000000
0.999706 -0.000554 -0.024260 0.000000 0.000240 0.999916 -0.012934 16.865299 0.024265 0.012925 0.999622 0.000000 0.000000 0.000000 0.000000 1.000000
0.999810 0.001100 -0.019468 -0.000000 -0.001202 0.999986 -0.005220 16.865299 0.019462 0.005242 0.999797 0.000000 0.000000 0.000000 0.000000 1.000000
0.999890 0.005125 -0.013900 0.000000 -0.005138 0.999986 -0.000860 16.865299 0.013895 0.000932 0.999903 -0.000000 0.000000 0.000000 0.000000 1.000000
0.999921 0.009747 -0.007958 -0.000000 -0.009755 0.999952 -0.000924 16.865299 0.007949 0.001001 0.999968 0.000000 0.000000 0.000000 0.000000 1.000000
0.999906 0.013483 -0.002542 0.000000 -0.013487 0.999908 -0.001538 16.865299 0.002521 0.001572 0.999996 0.000000 0.000000 0.000000 0.000000 1.000000
0.999888 0.014954 0.001006 0.000000 -0.014955 0.999887 0.001264 16.865299 -0.000987 -0.001279 0.999999 0.000000 0.000000 0.000000 0.000000 1.000000
0.999913 0.013013 0.002074 -0.000000 -0.013028 0.999888 0.007345 16.865299 -0.001978 -0.007371 0.999971 -0.000000 0.000000 0.000000 0.000000 1.000000
0.999973 0.007256 0.001364 0.000000 -0.007273 0.999887 0.013127 16.865299 -0.001268 -0.013137 0.999913 0.000000 0.000000 0.000000 0.000000 1.000000
0.999999 -0.001396 0.000059 0.000000 0.001395 0.999883 0.015226 16.865299 -0.000080 -0.015226 0.999884 0.000000 0.000000 0.000000 0.000000 1.000000
0.999944 -0.010547 -0.001166 -0.000000 0.010561 0.999860 0.012997 16.865299 0.001028 -0.013009 0.999915 0.000000 0.000000 0.000000 0.000000 1.000000
0.999849 -0.017238 -0.002046 -0.000000 0.017254 0.999817 0.008215 16.865299 0.001904 -0.008249 0.999964 0.000000 0.000000 0.000000 0.000000 1.000000
0.999805 -0.019653 -0.002134 0.000000 0.019659 0.999803 0.002774 16.865299 0.002079 -0.002815 0.999994 0.000000 0.000000 0.000000 0.000000 1.000000
0.999835 -0.018119 -0.001050 0.000000 0.018116 0.999831 -0.003050 16.865299 0.001105 0.003031 0.999995 0.000000 0.000000 0.000000 0.000000 1.000000
0.999896 -0.014392 0.000697 0.000000 0.014398 0.999849 -0.009684 16.865299 -0.000558 0.009693 0.999953 0.000000 0.000000 0.000000 0.000000 1.000000
0.999948 -0.010051 0.001873 0.000000 0.010079 0.999822 -0.015953 16.865299 -0.001713 0.015971 0.999871 -0.000000 0.000000 0.000000 0.000000 1.000000
0.999982 -0.005777 0.001782 -0.000000 0.005810 0.999801 -0.019106 16.865299 -0.001671 0.019116 0.999816 0.000000 0.000000 0.000000 0.000000 1.000000
0.999997 -0.002177 0.000688 -0.000000 0.002189 0.999837 -0.017939 16.865299 -0.000649 0.017940 0.999839 0.000000 0.000000 0.000000 0.000000 1.000000
0.999999 -0.000520 -0.001231 -0.000000 0.000502 0.999888 -0.014962 16.865299 0.001239 0.014961 0.999887 0.000000 0.000000 0.000000 0.000000 1.000000
0.999988 -0.001710 -0.004504 0.000000 0.001645 0.999896 -0.014302 16.865299 0.004528 0.014294 0.999888 0.000000 0.000000 0.000000 0.000000 1.000000
0.999944 -0.004800 -0.009393 0.000000 0.004635 0.999837 -0.017428 16.865299 0.009475 0.017383 0.999804 -0.000000 0.000000 0.000000 0.000000 1.000000
0.999860 -0.007527 -0.014960 0.000000 0.007202 0.999739 -0.021662 16.865299 0.015119 0.021551 0.999653 0.000000 0.000000 0.000000 0.000000 1.000000
0.999770 -0.008364 -0.019733 0.000000 0.007906 0.999701 -0.023141 16.865299 0.019920 0.022979 0.999537 -0.000000 0.000000 0.000000 0.000000 1.000000
0.999715 -0.007206 -0.022751 0.000000 0.006757 0.999783 -0.019728 16.865299 0.022888 0.019569 0.999547 0.000000 0.000000 0.000000 0.000000 1.000000</float_array>
        <technique_common>
          <accessor source="#mixamorig_Neck-Matrix-animation-output-transform-array" count="34" stride="16">
            <param type="float4x4"/>
          </accessor>
        </technique_common>
      </source>
      <source id="mixamorig_Neck-Interpolations">
        <Name_array id="mixamorig_Neck-Interpolations-array" count="34">
 LINEAR LINEAR LINEAR LINEAR LINEAR LINEAR LINEAR LINEAR LINEAR LINEAR LINEAR
LINEAR LINEAR LINEAR LINEAR LINEAR LINEAR LINEAR LINEAR LINEAR LINEAR LINEAR LINEAR
LINEAR LINEAR LINEAR LINEAR LINEAR LINEAR LINEAR LINEAR LINEAR LINEAR LINEAR</Name_array>
        <technique_common>
          <accessor source="#mixamorig_Neck-Interpolations-array" count="34">
            <param type="name"/>
          </accessor>
        </technique_common>
      </source>
      <sampler id="mixamorig_Neck-Matrix-animation-transform">
        <input semantic="INPUT" source="#mixamorig_Neck-Matrix-animation-input"/>
        <input semantic="OUTPUT" source="#mixamorig_Neck-Matrix-animation-output-transform"/>
        <input semantic="INTERPOLATION" source="#mixamorig_Neck-Interpolations"/>
      </sampler>
      <channel source="#mixamorig_Neck-Matrix-animation-transform" target="mixamorig_Neck/matrix"/>
    </animation>
    <animation id="mixamorig_Head-anim" name="mixamorig_Head">
      <source id="mixamorig_Head-Matrix-animation-input">
        <float_array id="mixamorig_Head-Matrix-animation-input-array" count="34">

0.000000 0.033333 0.066667 0.100000 0.133333 0.166667 0.200000 0.233333 0.266667 0.300000 0.333333 0.366667 0.400000 0.433333 0.466667 0.500000
0.533333 0.566667 0.600000 0.633333 0.666667 0.700000 0.733333 0.766667 0.800000 0.833333 0.866667 0.900000 0.933333 0.966667 1.000000 1.033333
1.066667 1.100000</float_array>
        <technique_common>
          <accessor source="#mixamorig_Head-Matrix-animation-input-array" count="34">
            <param name="TIME" type="float"/>
          </accessor>
        </technique_common>
      </source>
      <source id="mixamorig_Head-Matrix-animation-output-transform">
        <float_array id="mixamorig_Head-Matrix-animation-output-transform-array" count="544">

0.994737 0.026309 -0.099022 -0.000000 -0.016818 0.995288 0.095496 9.341900 0.101068 -0.093328 0.990492 2.841000 0.000000 0.000000 0.000000 1.000000
0.992325 0.031227 -0.119647 0.000000 -0.020295 0.995596 0.091522 9.341900 0.121978 -0.088391 0.988589 2.841000 0.000000 0.000000 0.000000 1.000000
0.990152 0.040737 -0.133940 0.000000 -0.028793 0.995531 0.089934 9.341900 0.137006 -0.085192 0.986900 2.841000 0.000000 0.000000 0.000000 1.000000
0.988562 0.054348 -0.140682 -0.000000 -0.041916 0.995071 0.089874 9.341900 0.144874 -0.082950 0.985967 2.841000 0.000000 0.000000 0.000000 1.000000
0.987707 0.069903 -0.139812 -0.000000 -0.057407 0.994149 0.091504 9.341900 0.145391 -0.082353 0.985941 2.841000 0.000000 0.000000 0.000000 1.000000
0.987479 0.083317 -0.133951 0.000000 -0.070857 0.992929 0.095241 9.341900 0.140939 -0.084557 0.986401 2.841000 0.000000 0.000000 0.000000 1.000000
0.987698 0.089480 -0.128245 -0.000000 -0.077176 0.992199 0.097906 9.341900 0.136005 -0.086804 0.986898 2.841000 0.000000 0.000000 0.000000 1.000000
0.988290 0.084526 -0.127037 -0.000000 -0.073200 0.993127 0.091330 9.341900 0.133884 -0.080961 0.987684 2.841000 0.000000 0.000000 0.000000 1.000000
0.989238 0.069336 -0.128846 0.000000 -0.060654 0.995692 0.070131 9.341900 0.133154 -0.061561 0.989182 2.841000 0.000000 0.000000 0.000000 1.000000
0.990613 0.050384 -0.127071 0.000000 -0.045308 0.998067 0.042533 9.341900 0.128968 -0.036376 0.990981 2.841000 0.000000 0.000000 0.000000 1.000000
0.992424 0.035224 -0.117705 0.000000 -0.032186 0.999101 0.027608 9.341900 0.118572 -0.023610 0.992665 2.841000 0.000000 0.000000 0.000000 1.000000
0.994296 0.027130 -0.103146 0.000000 -0.023439 0.999047 0.036830 9.341900 0.104047 -0.034203 0.993984 2.841000 0.000000 0.000000 0.000000 1.000000
0.995914 0.025126 -0.086742 0.000000 -0.019776 0.997881 0.061995 9.341900 0.088115 -0.060026 0.994300 2.841000 0.000000 0.000000 0.000000 1.000000
0.997302 0.027307 -0.068138 -0.000000 -0.021451 0.996129 0.085242 9.341900 0.070202 -0.083550 0.994028 2.841000 0.000000 0.000000 0.000000 1.000000
0.998399 0.031903 -0.046701 0.000000 -0.027206 0.994819 0.097952 9.341900 0.049584 -0.096525 0.994095 2.841000 0.000000 0.000000 0.000000 1.000000
