<?xml version="1.0" encoding="utf-8"?>
<COLLADA xmlns="http://www.collada.org/2005/11/COLLADASchema" version="1.4.1">
  <asset>
    <contributor>
      <author>Mixamo</author>
      <authoring_tool>COLLADA Mixamo exporter</authoring_tool>
      <comments/>
    </contributor>
    <created>2023-03-14T03:35:42Z</created>
    <modified>2023-03-14T03:35:42Z</modified>
    <revision/>
    <title/>
    <unit meter="0.010000"/>
    <up_axis>Y_UP</up_axis>
  </asset>
  <library_animations>
    <animation id="mixamorig_Hips-anim" name="mixamorig_Hips">
      <source id="mixamorig_Hips-Matrix-animation-input">
        <float_array id="mixamorig_Hips-Matrix-animation-input-array" count="98">

0.000000 0.033333 0.066667 0.100000 0.133333 0.166667 0.200000 0.233333 0.266667 0.300000 0.333333 0.366667 0.400000 0.433333 0.466667 0.500000
0.533333 0.566667 0.600000 0.633333 0.666667 0.700000 0.733333 0.766667 0.800000 0.833333 0.866667 0.900000 0.933333 0.966667 1.000000 1.033333
1.066667 1.100000 1.133333 1.166667 1.200000 1.233333 1.266667 1.300000 1.333333 1.366667 1.400000 1.433333 1.466667 1.500000 1.533333 1.566667
1.600000 1.633333 1.666667 1.700000 1.733333 1.766667 1.800000 1.833333 1.866667 1.900000 1.933333 1.966667 2.000000 2.033333 2.066667 2.100000
2.133333 2.166667 2.200000 2.233333 2.266667 2.300000 2.333333 2.366667 2.400000 2.433333 2.466667 2.500000 2.533333 2.566667 2.600000 2.633333
2.666667 2.700000 2.733333 2.766667 2.800000 2.833333 2.866667 2.900000 2.933333 2.966667 3.000000 3.033333 3.066667 3.100000 3.133333 3.166667
3.200000 3.233333</float_array>
        <technique_common>
          <accessor source="#mixamorig_Hips-Matrix-animation-input-array" count="98">
            <param name="TIME" type="float"/>
          </accessor>
        </technique_common>
      </source>
      <source id="mixamorig_Hips-Matrix-animation-output-transform">
        <float_array id="mixamorig_Hips-Matrix-animation-output-transform-array" count="1568">

0.992429 -0.058266 0.108121 -0.398831 0.057187 0.998278 0.013057 186.268311 -0.108696 -0.006775 0.994052 0.115275 0.000000 0.000000 0.000000 1.000000
0.992064 -0.060221 0.110371 -0.382272 0.059923 0.998185 0.006018 186.289719 -0.110533 0.000644 0.993872 0.306761 0.000000 0.000000 0.000000 1.000000
0.992233 -0.063234 0.107119 -0.384282 0.063191 0.997994 0.003799 186.319366 -0.107144 0.003000 0.994239 0.311909 0.000000 0.000000 0.000000 1.000000
0.992780 -0.065859 0.100253 -0.393552 0.065739 0.997827 0.004508 186.326431 -0.100332 0.002115 0.994952 0.169570 0.000000 0.000000 0.000000 1.000000
0.993475 -0.067614 0.091845 -0.417103 0.067339 0.997712 0.006093 186.324387 -0.092047 0.000131 0.995755 0.004908 0.000000 0.000000 0.000000 1.000000
0.994106 -0.067803 0.084596 -0.453280 0.067479 0.997698 0.006691 186.327301 -0.084855 -0.000943 0.996393 -0.145384 0.000000 0.000000 0.000000 1.000000
0.994429 -0.065867 0.082295 -0.464580 0.065667 0.997828 0.005138 186.314270 -0.082455 0.000295 0.996595 -0.248108 0.000000 0.000000 0.000000 1.000000
0.994050 -0.064147 0.088037 -0.430073 0.064332 0.997928 0.000734 186.276932 -0.087902 0.004934 0.996117 -0.254560 0.000000 0.000000 0.000000 1.000000
0.992949 -0.063009 0.100414 -0.323153 0.064113 0.997912 -0.007795 186.166214 -0.099713 0.014178 0.994915 -0.061117 0.000000 0.000000 0.000000 1.000000
0.991861 -0.061337 0.111579 -0.151122 0.063647 0.997823 -0.017252 186.087814 -0.110278 0.024213 0.993606 0.363091 0.000000 0.000000 0.000000 1.000000
0.991723 -0.056698 0.115203 0.103552 0.059839 0.997920 -0.023994 186.165405 -0.113603 0.030689 0.993052 0.969696 0.000000 0.000000 0.000000 1.000000
0.992418 -0.048007 0.113141 0.458759 0.051731 0.998204 -0.030212 186.382217 -0.111487 0.035836 0.993120 1.747894 0.000000 0.000000 0.000000 1.000000
0.993356 -0.037711 0.108730 0.899234 0.042206 0.998334 -0.039335 186.676682 -0.107066 0.043663 0.993293 2.667474 0.000000 0.000000 0.000000 1.000000
0.994290 -0.028433 0.102858 1.397448 0.034150 0.997943 -0.054252 187.012222 -0.101104 0.057455 0.993215 3.691133 0.000000 0.000000 0.000000 1.000000
0.995154 -0.020809 0.096105 1.927376 0.028048 0.996819 -0.074597 187.363739 -0.094247 0.076931 0.992572 4.794642 0.000000 0.000000 0.000000 1.000000
0.995740 -0.013719 0.091178 2.482818 0.022585 0.995035 -0.096929 187.706314 -0.089395 0.098576 0.991106 5.995186 0.000000 0.000000 0.000000 1.000000
0.995846 -0.005206 0.090906 3.069595 0.016021 0.992806 -0.118655 188.004379 -0.089634 0.119619 0.988765 7.330802 0.000000 0.000000 0.000000 1.000000
0.995424 0.004639 0.095446 3.635233 0.008815 0.990104 -0.140056 188.272339 -0.095151 0.140256 0.985533 8.831002 0.000000 0.000000 0.000000 1.000000
0.994512 0.015212 0.103514 4.134590 0.001663 0.986950 -0.161019 188.464417 -0.104612 0.160308 0.981508 10.544813 0.000000 0.000000 0.000000 1.000000
0.992768 0.026150 0.117163 4.559168 -0.004913 0.984018 -0.178003 188.569397 -0.119946 0.176140 0.977030 12.539899 0.000000 0.000000 0.000000 1.000000
0.989521 0.038756 0.139094 4.929691 -0.012243 0.982356 -0.186619 188.561188 -0.143872 0.182960 0.972536 14.852329 0.000000 0.000000 0.000000 1.000000
0.984497 0.054934 0.166574 5.266975 -0.023423 0.982359 -0.185530 188.500977 -0.173828 0.178752 0.968417 17.444830 0.000000 0.000000 0.000000 1.000000
0.979658 0.076159 0.185661 5.559705 -0.041420 0.982004 -0.184263 187.779556 -0.196353 0.172825 0.965182 19.853107 0.000000 0.000000 0.000000 1.000000
0.974696 0.102745 0.198522 5.746949 -0.067715 0.982091 -0.175815 187.026718 -0.213031 0.157924 0.964198 22.519150 0.000000 0.000000 0.000000 1.000000
0.969103 0.129072 0.210189 5.786100 -0.095168 0.981836 -0.164140 186.163712 -0.227557 0.139065 0.963783 25.469677 0.000000 0.000000 0.000000 1.000000
0.962536 0.148141 0.227109 5.836678 -0.114478 0.981276 -0.154895 185.397568 -0.245803 0.123093 0.961472 28.722038 0.000000 0.000000 0.000000 1.000000
0.956741 0.156386 0.245335 6.028825 -0.121885 0.981131 -0.150089 184.885773 -0.264177 0.113694 0.957750 32.239086 0.000000 0.000000 0.000000 1.000000
0.954731 0.157322 0.252466 6.303237 -0.123369 0.981682 -0.145191 184.618149 -0.270684 0.107472 0.956651 36.071114 0.000000 0.000000 0.000000 1.000000
0.957031 0.162192 0.240386 6.584390 -0.129913 0.980921 -0.144627 184.581604 -0.259257 0.107183 0.959842 40.404053 0.000000 0.000000 0.000000 1.000000
0.960715 0.174658 0.215687 6.797341 -0.144491 0.978285 -0.148595 184.657806 -0.236957 0.111592 0.965090 45.313431 0.000000 0.000000 0.000000 1.000000
0.962837 0.190100 0.191850 6.957971 -0.162844 0.975313 -0.149153 184.696457 -0.215468 0.112368 0.970024 50.722713 0.000000 0.000000 0.000000 1.000000
0.963718 0.203182 0.173105 7.103348 -0.179132 0.973096 -0.144899 184.405487 -0.197888 0.108633 0.974186 56.371029 0.000000 0.000000 0.000000 1.000000
0.964431 0.213259 0.156185 7.524187 -0.192871 0.971766 -0.135912 183.176865 -0.180760 0.100954 0.978332 61.764931 0.000000 0.000000 0.000000 1.000000
0.966398 0.217552 0.136913 7.990932 -0.200998 0.971574 -0.125073 180.838196 -0.160232 0.093351 0.982655 66.836517 0.000000 0.000000 0.000000 1.000000
0.970595 0.211121 0.115646 8.120173 -0.197934 0.973360 -0.115724 178.076721 -0.136997 0.089430 0.986526 72.198555 0.000000 0.000000 0.000000 1.000000
0.977516 0.187640 0.096192 7.744679 -0.176768 0.977939 -0.111304 175.146072 -0.114955 0.091798 0.989120 77.589233 0.000000 0.000000 0.000000 1.000000
0.984342 0.155057 0.083835 7.026681 -0.145090 0.982807 -0.114192 171.288544 -0.100100 0.100240 0.989915 82.618698 0.000000 0.000000 0.000000 1.000000
0.988665 0.129678 0.075663 6.235224 -0.119840 0.985194 -0.122601 166.161240 -0.090442 0.112144 0.989568 87.675819 0.000000 0.000000 0.000000 1.000000
0.991031 0.116210 0.065971 5.479288 -0.106647 0.985288 -0.133541 159.988586 -0.080519 0.125307 0.988845 93.019173 0.000000 0.000000 0.000000 1.000000
0.992244 0.111826 0.054276 4.715516 -0.104459 0.986830 -0.123512 153.134598 -0.067373 0.116885 0.990858 98.386986 0.000000 0.000000 0.000000 1.000000
0.992918 0.113420 0.035361 4.158072 -0.108922 0.987918 -0.110249 145.164703 -0.047438 0.105617 0.993275 103.839005 0.000000 0.000000 0.000000 1.000000
0.993411 0.113241 0.017633 3.772825 -0.111013 0.989034 -0.097401 135.918610 -0.028469 0.094802 0.995089 109.501343 0.000000 0.000000 0.000000 1.000000
0.994347 0.105237 0.014097 3.440501 -0.103579 0.990619 -0.089138 126.552605 -0.023346 0.087174 0.995919 113.875824 0.000000 0.000000 0.000000 1.000000
0.995627 0.090685 0.022430 3.079618 -0.088635 0.992860 -0.079826 118.154495 -0.029508 0.077489 0.996556 117.165604 0.000000 0.000000 0.000000 1.000000
0.997201 0.070643 0.024504 3.069328 -0.069274 0.996198 -0.052828 109.568604 -0.028143 0.050983 0.998303 119.140556 0.000000 0.000000 0.000000 1.000000
0.998894 0.046289 0.008290 3.680417 -0.046260 0.998923 -0.003647 101.156754 -0.008450 0.003260 0.999959 120.615738 0.000000 0.000000 0.000000 1.000000
0.999599 0.024850 -0.013543 4.050469 -0.024339 0.999033 0.036619 92.741074 0.014440 -0.036275 0.999238 122.197578 0.000000 0.000000 0.000000 1.000000
0.999608 0.011257 -0.025626 4.331975 -0.010311 0.999271 0.036763 84.785347 0.026021 -0.036485 0.998995 123.689377 0.000000 0.000000 0.000000 1.000000
0.999482 0.005314 -0.031738 4.709687 -0.004936 0.999916 0.011968 78.112411 0.031799 -0.011805 0.999425 124.706001 0.000000 0.000000 0.000000 1.000000
0.999033 0.003569 -0.043811 5.182536 -0.003689 0.999990 -0.002673 73.143875 0.043801 0.002832 0.999036 125.420662 0.000000 0.000000 0.000000 1.000000
0.997889 0.002090 -0.064914 5.772151 -0.002240 0.999995 -0.002232 70.234871 0.064909 0.002372 0.997888 126.152557 0.000000 0.000000 0.000000 1.000000
0.995817 -0.001411 -0.091363 6.409530 0.001004 0.999989 -0.004499 69.869080 0.091369 0.004388 0.995807 126.942299 0.000000 0.000000 0.000000 1.000000
0.992844 -0.002495 -0.119393 7.043700 0.000306 0.999832 -0.018346 71.425034 0.119419 0.018178 0.992678 127.706711 0.000000 0.000000 0.000000 1.000000
0.990357 0.001462 -0.138529 7.879854 -0.006699 0.999280 -0.037342 74.136063 0.138375 0.037910 0.989654 128.193451 0.000000 0.000000 0.000000 1.000000
0.987507 0.008319 -0.157354 8.658113 -0.017029 0.998391 -0.054091 77.240692 0.156651 0.056095 0.986060 128.634048 0.000000 0.000000 0.000000 1.000000
0.984074 0.012727 -0.177305 9.321979 -0.024435 0.997650 -0.064008 79.970329 0.176074 0.067321 0.982072 129.023911 0.000000 0.000000 0.000000 1.000000
0.979989 0.015588 -0.198438 9.832180 -0.029721 0.997212 -0.068442 82.993843 0.196818 0.072970 0.977721 129.344666 0.000000 0.000000 0.000000 1.000000
0.975780 0.021438 -0.217703 10.189692 -0.038057 0.996647 -0.072431 86.102150 0.215420 0.078961 0.973324 129.609665 0.000000 0.000000 0.000000 1.000000
0.972555 0.030045 -0.230726 10.391998 -0.049410 0.995680 -0.078616 89.124359 0.227367 0.087858 0.969838 129.838348 0.000000 0.000000 0.000000 1.000000
0.970973 0.037693 -0.236202 10.437011 -0.059309 0.994607 -0.085085 91.932831 0.231721 0.096624 0.967972 130.035324 0.000000 0.000000 0.000000 1.000000
0.970726 0.042562 -0.236390 10.338042 -0.065380 0.993835 -0.089539 94.419159 0.231121 0.102373 0.967524 130.232285 0.000000 0.000000 0.000000 1.000000
0.971396 0.046486 -0.232873 10.140295 -0.069557 0.993340 -0.091855 96.010513 0.227052 0.105425 0.968160 130.433533 0.000000 0.000000 0.000000 1.000000
0.973333 0.050749 -0.223714 9.872604 -0.073036 0.993031 -0.092499 97.309433 0.217460 0.106372 0.970256 130.653229 0.000000 0.000000 0.000000 1.000000
0.976843 0.054236 -0.206971 9.508212 -0.074426 0.993062 -0.091038 98.257393 0.200597 0.104334 0.974102 130.903976 0.000000 0.000000 0.000000 1.000000
0.981260 0.054916 -0.184695 9.015688 -0.072040 0.993572 -0.087317 98.787811 0.178713 0.098986 0.978909 131.179550 0.000000 0.000000 0.000000 1.000000
0.985615 0.053012 -0.160475 8.428316 -0.066796 0.994412 -0.081751 99.238525 0.155245 0.091294 0.983649 131.471237 0.000000 0.000000 0.000000 1.000000
0.989749 0.048048 -0.134494 7.745498 -0.058392 0.995544 -0.074047 99.295334 0.130337 0.081141 0.988144 131.773575 0.000000 0.000000 0.000000 1.000000
0.993686 0.038385 -0.105425 6.941327 -0.045258 0.996949 -0.063595 99.120605 0.102662 0.067965 0.992392 132.053009 0.000000 0.000000 0.000000 1.000000
0.997383 0.023860 -0.068243 6.050655 -0.027381 0.998317 -0.051131 98.901344 0.066908 0.052866 0.996358 132.245728 0.000000 0.000000 0.000000 1.000000
0.999322 0.007805 -0.035994 5.129554 -0.009188 0.999219 -0.038424 98.651833 0.035666 0.038729 0.998613 132.312790 0.000000 0.000000 0.000000 1.000000
0.999898 -0.005557 -0.013156 4.201564 0.005199 0.999619 -0.027125 98.386459 0.013302 0.027054 0.999545 132.264999 0.000000 0.000000 0.000000 1.000000
0.999869 -0.016094 0.001659 3.141339 0.016121 0.999710 -0.017899 98.115707 -0.001371 0.017923 0.999838 132.139786 0.000000 0.000000 0.000000 1.000000
0.999584 -0.025538 0.013379 2.128748 0.025692 0.999603 -0.011522 97.845543 -0.013079 0.011861 0.999844 131.957947 0.000000 0.000000 0.000000 1.000000
0.999066 -0.034385 0.026186 1.338153 0.034618 0.999365 -0.008495 97.578766 -0.025877 0.009394 0.999621 131.721085 0.000000 0.000000 0.000000 1.000000
0.998295 -0.041844 0.040697 0.937400 0.042182 0.999082 -0.007483 97.341789 -0.040347 0.009187 0.999144 131.437988 0.000000 0.000000 0.000000 1.000000
0.997352 -0.047707 0.054900 0.938270 0.048132 0.998820 -0.006455 97.154434 -0.054527 0.009080 0.998471 131.110825 0.000000 0.000000 0.000000 1.000000
0.996406 -0.052089 0.066796 0.942979 0.052536 0.998607 -0.004941 97.025131 -0.066445 0.008432 0.997754 130.979309 0.000000 0.000000 0.000000 1.000000
0.995613 -0.055095 0.075632 0.949388 0.055510 0.998452 -0.003396 96.962448 -0.075328 0.007580 0.997130 130.969879 0.000000 0.000000 0.000000 1.000000
0.995053 -0.056767 0.081533 0.953516 0.057067 0.998369 -0.001351 96.948387 -0.081323 0.005997 0.996670 130.970383 0.000000 0.000000 0.000000 1.000000
0.994721 -0.057072 0.085280 0.955165 0.057122 0.998365 0.001854 96.959038 -0.085246 0.003027 0.996355 130.984619 0.000000 0.000000 0.000000 1.000000
0.994455 -0.056734 0.088551 0.959862 0.056491 0.998389 0.005254 96.991165 -0.088706 -0.000223 0.996058 131.002380 0.000000 0.000000 0.000000 1.000000
0.993957 -0.057111 0.093741 0.977859 0.056626 0.998365 0.007824 97.041550 -0.094035 -0.002468 0.995566 131.012146 0.000000 0.000000 0.000000 1.000000
0.992982 -0.058705 0.102669 1.014056 0.058007 0.998268 0.009776 97.109512 -0.103065 -0.003751 0.994668 131.013092 0.000000 0.000000 0.000000 1.000000
0.992708 -0.059045 0.105095 1.032983 0.058213 0.998244 0.010965 97.187218 -0.105558 -0.004767 0.994402 131.000351 0.000000 0.000000 0.000000 1.000000
0.992644 -0.059016 0.105710 1.036629 0.058119 0.998243 0.011549 97.275551 -0.106206 -0.005321 0.994330 130.999023 0.000000 0.000000 0.000000 1.000000
0.992590 -0.058887 0.106286 1.038673 0.057933 0.998248 0.012047 97.374649 -0.106809 -0.005800 0.994263 130.999496 0.000000 0.000000 0.000000 1.000000
0.992524 -0.058630 0.107047 1.040655 0.057618 0.998260 0.012520 97.482811 -0.107595 -0.006258 0.994175 131.000534 0.000000 0.000000 0.000000 1.000000
0.992429 -0.058285 0.108108 1.043769 0.057207 0.998277 0.013054 97.598312 -0.108682 -0.006771 0.994053 131.001236 0.000000 0.000000 0.000000 1.000000
0.992422 -0.058239 0.108195 1.045025 0.057155 0.998279 0.013092 97.716682 -0.108771 -0.006808 0.994043 131.001602 0.000000 0.000000 0.000000 1.000000
0.992418 -0.058202 0.108251 1.046239 0.057115 0.998281 0.013114 97.837921 -0.108828 -0.006831 0.994037 131.002014 0.000000 0.000000 0.000000 1.000000
0.992417 -0.058174 0.108282 1.047391 0.057086 0.998283 0.013123 97.960037 -0.108860 -0.006842 0.994034 131.002335 0.000000 0.000000 0.000000 1.000000
0.992417 -0.058154 0.108293 1.048484 0.057066 0.998284 0.013123 98.081062 -0.108870 -0.006843 0.994032 131.002731 0.000000 0.000000 0.000000 1.000000
0.992418 -0.058139 0.108288 1.049518 0.057052 0.998285 0.013115 98.198982 -0.108865 -0.006838 0.994033 131.003052 0.000000 0.000000 0.000000 1.000000
0.992420 -0.058130 0.108274 1.050470 0.057044 0.998286 0.013103 98.311821 -0.108850 -0.006827 0.994035 131.003296 0.000000 0.000000 0.000000 1.000000
0.992423 -0.058123 0.108255 1.051345 0.057038 0.998286 0.013089 98.417587 -0.108831 -0.006815 0.994037 131.003601 0.000000 0.000000 0.000000 1.000000
0.992425 -0.058117 0.108238 1.052132 0.057034 0.998287 0.013075 98.514297 -0.108812 -0.006803 0.994039 131.003845 0.000000 0.000000 0.000000 1.000000
0.992426 -0.058111 0.108226 1.052835 0.057030 0.998287 0.013066 98.599991 -0.108800 -0.006795 0.994040 131.004105 0.000000 0.000000 0.000000 1.000000
0.992427 -0.058114 0.108218 1.052815 0.057033 0.998287 0.013062 98.599945 -0.108792 -0.006791 0.994041 131.004089 0.000000 0.000000 0.000000 1.000000</float_array>
        <technique_common>
          <accessor source="#mixamorig_Hips-Matrix-animation-output-transform-array" count="98" stride="16">
            <param type="float4x4"/>
          </accessor>
        </technique_common>
      </source>
      <source id="mixamorig_Hips-Interpolations">
        <Name_array id="mixamorig_Hips-Interpolations-array" count="98">
 LINEAR LINEAR LINEAR LINEAR LINEAR LINEAR LINEAR LINEAR LINEAR LINEAR LINEAR
LINEAR LINEAR LINEAR LINEAR LINEAR LINEAR LINEAR LINEAR LINEAR LINEAR LINEAR LINEAR
LINEAR LINEAR LINEAR LINEAR LINEAR LINEAR LINEAR LINEAR LINEAR LINEAR LINEAR LINEAR
LINEAR LINEAR LINEAR LINEAR LINEAR LINEAR LINEAR LINEAR LINEAR LINEAR LINEAR LINEAR
LINEAR LINEAR LINEAR LINEAR LINEAR LINEAR LINEAR LINEAR LINEAR LINEAR LINEAR LINEAR
LINEAR LINEAR LINEAR LINEAR LINEAR LINEAR LINEAR LINEAR LINEAR LINEAR LINEAR LINEAR
LINEAR LINEAR LINEAR LINEAR LINEAR LINEAR LINEAR LINEAR LINEAR LINEAR LINEAR LINEAR
LINEAR LINEAR LINEAR LINEAR LINEAR LINEAR LINEAR LINEAR LINEAR LINEAR LINEAR LINEAR
LINEAR LINEAR LINEAR</Name_array>
        <technique_common>
          <accessor source="#mixamorig_Hips-Interpolations-array" count="98">
            <param type="name"/>
          </accessor>
        </technique_common>
      </source>
      <sampler id="mixamorig_Hips-Matrix-animation-transform">
        <input semantic="INPUT" source="#mixamorig_Hips-Matrix-animation-input"/>
        <input semantic="OUTPUT" source="#mixamorig_Hips-Matrix-animation-output-transform"/>
        <input semantic="INTERPOLATION" source="#mixamorig_Hips-Interpolations"/>
      </sampler>
      <channel source="#mixamorig_Hips-Matrix-animation-transform" target="mixamorig_Hips/matrix"/>
    </animation>
    <animation id="mixamorig_Spine-anim" name="mixamorig_Spine">
      <source id="mixamorig_Spine-Matrix-animation-input">
        <float_array id="mixamorig_Spine-Matrix-animation-input-array" count="98">

0.000000 0.033333 0.066667 0.100000 0.133333 0.166667 0.200000 0.233333 0.266667 0.300000 0.333333 0.366667 0.400000 0.433333 0.466667 0.500000
0.533333 0.566667 0.600000 0.633333 0.666667 0.700000 0.733333 0.766667 0.800000 0.833333 0.866667 0.900000 0.933333 0.966667 1.000000 1.033333
1.066667 1.100000 1.133333 1.166667 1.200000 1.233333 1.266667 1.300000 1.333333 1.366667 1.400000 1.433333 1.466667 1.500000 1.533333 1.566667
1.600000 1.633333 1.666667 1.700000 1.733333 1.766667 1.800000 1.833333 1.866667 1.900000 1.933333 1.966667 2.000000 2.033333 2.066667 2.100000
2.133333 2.166667 2.200000 2.233333 2.266667 2.300000 2.333333 2.366667 2.400000 2.433333 2.466667 2.500000 2.533333 2.566667 2.600000 2.633333
2.666667 2.700000 2.733333 2.766667 2.800000 2.833333 2.866667 2.900000 2.933333 2.966667 3.000000 3.033333 3.066667 3.100000 3.133333 3.166667
3.200000 3.233333</float_array>
        <technique_common>
          <accessor source="#mixamorig_Spine-Matrix-animation-input-array" count="98">
            <param name="TIME" type="float"/>
          </accessor>
        </technique_common>
      </source>
      <source id="mixamorig_Spine-Matrix-animation-output-transform">
        <float_array id="mixamorig_Spine-Matrix-animation-output-transform-array" count="1568">

0.999865 0.016241 0.002398 0.000000 -0.016360 0.997845 0.063550 10.182400 -0.001360 -0.063581 0.997976 0.000000 0.000000 0.000000 0.000000 1.000000
0.999855 0.016892 0.002120 0.000000 -0.016995 0.997725 0.065233 10.182400 -0.001013 -0.065259 0.997868 -0.000000 0.000000 0.000000 0.000000 1.000000
0.999835 0.017977 0.002507 0.000000 -0.018104 0.997601 0.066817 10.182400 -0.001300 -0.066851 0.997762 0.000000 0.000000 0.000000 0.000000 1.000000
0.999818 0.018769 0.003303 0.000000 -0.018951 0.997490 0.068222 10.182400 -0.002014 -0.068272 0.997665 -0.000000 0.000000 0.000000 0.000000 1.000000
0.999797 0.019672 0.004249 -0.000000 -0.019920 0.997387 0.069441 10.182400 -0.002872 -0.069511 0.997577 0.000000 0.000000 0.000000 0.000000 1.000000
0.999781 0.020323 0.004986 0.000000 -0.020624 0.997309 0.070347 10.182400 -0.003543 -0.070434 0.997510 0.000000 0.000000 0.000000 0.000000 1.000000
0.999798 0.019460 0.005114 -0.000000 -0.019773 0.997311 0.070569 10.182400 -0.003727 -0.070656 0.997494 -0.000000 0.000000 0.000000 0.000000 1.000000
0.999825 0.018182 0.004440 0.000000 -0.018447 0.997398 0.069694 10.182400 -0.003162 -0.069764 0.997559 0.000000 0.000000 0.000000 0.000000 1.000000
0.999855 0.016682 0.003511 0.000000 -0.016881 0.997571 0.067578 10.182400 -0.002375 -0.067628 0.997708 -0.000000 0.000000 0.000000 0.000000 1.000000
0.999875 0.015418 0.003359 0.000000 -0.015604 0.997763 0.065006 10.182400 -0.002349 -0.065050 0.997879 0.000000 0.000000 0.000000 0.000000 1.000000
0.999891 0.014080 0.004373 0.000000 -0.014327 0.997930 0.062701 10.182400 -0.003481 -0.062756 0.998023 0.000000 0.000000 0.000000 0.000000 1.000000
0.999908 0.012244 0.005805 0.000000 -0.012575 0.998066 0.060874 10.182400 -0.005049 -0.060941 0.998129 0.000000 0.000000 0.000000 0.000000 1.000000
0.999921 0.010488 0.006964 0.000000 -0.010888 0.998134 0.060089 10.182400 -0.006321 -0.060160 0.998169 0.000000 0.000000 0.000000 0.000000 1.000000
0.999921 0.009443 0.008283 0.000000 -0.009929 0.998105 0.060726 10.182400 -0.007694 -0.060803 0.998120 0.000000 0.000000 0.000000 0.000000 1.000000
0.999902 0.009435 0.010331 0.000000 -0.010064 0.997989 0.062589 10.182400 -0.009720 -0.062687 0.997986 0.000000 0.000000 0.000000 0.000000 1.000000
0.999863 0.010544 0.012748 -0.000000 -0.011352 0.997814 0.065100 10.182400 -0.012034 -0.065236 0.997797 0.000000 0.000000 0.000000 0.000000 1.000000
0.999816 0.012072 0.014875 0.000000 -0.013056 0.997606 0.067909 10.182400 -0.014019 -0.068091 0.997581 0.000000 0.000000 0.000000 0.000000 1.000000
0.999758 0.014296 0.016707 0.000000 -0.015451 0.997342 0.071208 10.182400 -0.015644 -0.071449 0.997322 -0.000000 0.000000 0.000000 0.000000 1.000000
0.999678 0.016948 0.018859 0.000000 -0.018324 0.996989 0.075352 10.182400 -0.017525 -0.075674 0.996979 0.000000 0.000000 0.000000 0.000000 1.000000
0.999588 0.019840 0.020733 0.000000 -0.021445 0.996542 0.080278 10.182400 -0.019068 -0.080690 0.996557 0.000000 0.000000 0.000000 0.000000 1.000000
0.999516 0.022806 0.021148 -0.000000 -0.024537 0.996030 0.085570 10.182400 -0.019113 -0.086048 0.996108 0.000000 0.000000 0.000000 0.000000 1.000000
0.999466 0.026251 0.019441 -0.000000 -0.027915 0.995467 0.090922 10.182400 -0.016966 -0.091416 0.995668 0.000000 0.000000 0.000000 0.000000 1.000000
0.999389 0.030594 0.016888 -0.000000 -0.032030 0.995185 0.092636 10.182400 -0.013972 -0.093120 0.995557 -0.000000 0.000000 0.000000 0.000000 1.000000
0.999314 0.034465 0.013542 0.000000 -0.035607 0.994759 0.095849 10.182400 -0.010168 -0.096265 0.995304 0.000000 0.000000 0.000000 0.000000 1.000000
0.999205 0.038719 0.009529 0.000000 -0.039484 0.994115 0.100882 10.182400 -0.005567 -0.101178 0.994853 -0.000000 0.000000 0.000000 0.000000 1.000000
0.999041 0.043548 0.004552 0.000000 -0.043785 0.993269 0.107238 10.182400 0.000148 -0.107334 0.994223 0.000000 0.000000 0.000000 0.000000 1.000000
0.998799 0.048997 -0.000653 0.000000 -0.048602 0.992267 0.114215 10.182400 0.006245 -0.114046 0.993456 0.000000 0.000000 0.000000 0.000000 1.000000
0.998512 0.054277 -0.005192 0.000000 -0.053241 0.991114 0.121894 10.182400 0.011762 -0.121437 0.992529 0.000000 0.000000 0.000000 0.000000 1.000000
0.998378 0.056069 -0.009895 0.000000 -0.054339 0.990234 0.128390 10.182400 0.016998 -0.127644 0.991674 0.000000 0.000000 0.000000 0.000000 1.000000
0.998435 0.053556 -0.016095 0.000000 -0.050925 0.989669 0.134019 10.182400 0.023106 -0.132989 0.990848 0.000000 0.000000 0.000000 0.000000 1.000000
0.998585 0.047477 -0.023941 0.000000 -0.043685 0.989240 0.139631 10.182400 0.030313 -0.138387 0.989914 0.000000 0.000000 0.000000 0.000000 1.000000
0.998727 0.039171 -0.031766 0.000000 -0.034281 0.989262 0.142075 10.182400 0.036990 -0.140805 0.989346 0.000000 0.000000 0.000000 0.000000 1.000000
0.998938 0.025614 -0.038302 0.000000 -0.020025 0.989981 0.139776 10.182400 0.041498 -0.138861 0.989442 0.000000 0.000000 0.000000 0.000000 1.000000
0.999155 0.010027 -0.039847 -0.000000 -0.004581 0.990905 0.134482 10.182400 0.040833 -0.134186 0.990114 0.000000 0.000000 0.000000 0.000000 1.000000
0.999376 0.000240 -0.035319 0.000000 0.004314 0.991661 0.128805 10.182400 0.035055 -0.128877 0.991041 0.000000 0.000000 0.000000 0.000000 1.000000
0.999562 0.004553 -0.029239 0.000000 -0.000908 0.992347 0.123480 10.182400 0.029578 -0.123400 0.991916 -0.000000 0.000000 0.000000 0.000000 1.000000
0.999418 0.017518 -0.029275 0.000000 -0.013951 0.992926 0.117913 10.182400 0.031133 -0.117436 0.992592 0.000000 0.000000 0.000000 0.000000 1.000000
0.999126 0.026279 -0.032505 0.000000 -0.022499 0.993495 0.111628 10.182400 0.035228 -0.110799 0.993218 -0.000000 0.000000 0.000000 0.000000 1.000000
0.998928 0.030436 -0.034870 0.000000 -0.026598 0.994042 0.105701 10.182400 0.037879 -0.104660 0.993786 0.000000 0.000000 0.000000 0.000000 1.000000
0.998891 0.032142 -0.034400 0.000000 -0.028391 0.994126 0.104441 10.182400 0.037555 -0.103349 0.993936 0.000000 0.000000 0.000000 0.000000 1.000000
0.999135 0.028342 -0.030421 0.000000 -0.025083 0.994401 0.102648 10.182400 0.033160 -0.101796 0.994252 0.000000 0.000000 0.000000 0.000000 1.000000
0.999440 0.022127 -0.025092 0.000000 -0.019484 0.994686 0.101094 10.182400 0.027196 -0.100549 0.994560 -0.000000 0.000000 0.000000 0.000000 1.000000
0.999607 0.017462 -0.021948 -0.000000 -0.015172 0.994826 0.100456 10.182400 0.023589 -0.100084 0.994699 -0.000000 0.000000 0.000000 0.000000 1.000000
0.999674 0.016171 -0.019752 0.000000 -0.014127 0.994933 0.099546 10.182400 0.021262 -0.099234 0.994837 -0.000000 0.000000 0.000000 0.000000 1.000000
0.999704 0.019336 -0.014799 0.000000 -0.017864 0.995428 0.093824 10.182400 0.016545 -0.093532 0.995479 0.000000 0.000000 0.000000 0.000000 1.000000
0.999730 0.022270 -0.006705 0.000000 -0.021659 0.996525 0.080426 10.182400 0.008473 -0.080259 0.996738 -0.000000 0.000000 0.000000 0.000000 1.000000
0.999699 0.024479 -0.001904 0.000000 -0.024316 0.997816 0.061415 10.182400 0.003403 -0.061351 0.998110 0.000000 0.000000 0.000000 0.000000 1.000000
0.999730 0.022915 -0.003913 -0.000000 -0.022705 0.998630 0.047135 10.182400 0.004987 -0.047034 0.998881 0.000000 0.000000 0.000000 0.000000 1.000000
0.999814 0.017631 -0.007840 0.000000 -0.017325 0.999145 0.037547 10.182400 0.008495 -0.037404 0.999264 0.000000 0.000000 0.000000 0.000000 1.000000
0.999891 0.012074 -0.008477 0.000000 -0.011826 0.999516 0.028775 10.182400 0.008820 -0.028671 0.999550 0.000000 0.000000 0.000000 0.000000 1.000000
0.999947 0.007854 -0.006620 0.000000 -0.007707 0.999731 0.021893 10.182400 0.006791 -0.021840 0.999738 0.000000 0.000000 0.000000 0.000000 1.000000
0.999963 0.006515 -0.005635 0.000000 -0.006397 0.999766 0.020678 10.182400 0.005768 -0.020642 0.999770 0.000000 0.000000 0.000000 0.000000 1.000000
0.999952 0.007035 -0.006775 0.000000 -0.006860 0.999649 0.025587 10.182400 0.006952 -0.025539 0.999650 0.000000 0.000000 0.000000 0.000000 1.000000
0.999931 0.007794 -0.008812 -0.000000 -0.007515 0.999484 0.031235 10.182400 0.009051 -0.031167 0.999473 0.000000 0.000000 0.000000 0.000000 1.000000
0.999917 0.008004 -0.010068 0.000000 -0.007627 0.999288 0.036941 10.182400 0.010357 -0.036861 0.999267 0.000000 0.000000 0.000000 0.000000 1.000000
0.999922 0.008197 -0.009456 0.000000 -0.007802 0.999125 0.041083 10.182400 0.009784 -0.041006 0.999111 -0.000000 0.000000 0.000000 0.000000 1.000000
0.999937 0.008266 -0.007544 0.000000 -0.007925 0.998994 0.044149 10.182400 0.007901 -0.044086 0.998996 0.000000 0.000000 0.000000 0.000000 1.000000
0.999956 0.007243 -0.005905 0.000000 -0.006954 0.998846 0.047518 10.182400 0.006242 -0.047475 0.998853 0.000000 0.000000 0.000000 0.000000 1.000000
0.999970 0.005459 -0.005508 0.000000 -0.005167 0.998646 0.051762 10.182400 0.005783 -0.051732 0.998644 0.000000 0.000000 0.000000 0.000000 1.000000
0.999976 0.003896 -0.005770 0.000000 -0.003565 0.998402 0.056394 10.182400 0.005981 -0.056372 0.998392 0.000000 0.000000 0.000000 0.000000 1.000000
0.999980 0.002854 -0.005721 0.000000 -0.002499 0.998128 0.061107 10.182400 0.005884 -0.061092 0.998115 0.000000 0.000000 0.000000 0.000000 1.000000
0.999985 0.001440 -0.005228 0.000000 -0.001092 0.997829 0.065852 10.182400 0.005311 -0.065846 0.997816 0.000000 0.000000 0.000000 0.000000 1.000000
0.999987 -0.000221 -0.005050 0.000000 0.000575 0.997538 0.070123 10.182400 0.005022 -0.070125 0.997526 0.000000 0.000000 0.000000 0.000000 1.000000
0.999985 -0.001273 -0.005411 0.000000 0.001666 0.997299 0.073433 10.182400 0.005303 -0.073440 0.997286 0.000000 0.000000 0.000000 0.000000 1.000000
0.999985 -0.001229 -0.005400 0.000000 0.001637 0.997095 0.076147 10.182400 0.005291 -0.076154 0.997082 0.000000 0.000000 0.000000 0.000000 1.000000
0.999991 -0.001572 -0.004019 0.000000 0.001884 0.996870 0.079034 10.182400 0.003882 -0.079041 0.996864 -0.000000 0.000000 0.000000 0.000000 1.000000
0.999997 -0.001727 -0.001696 0.000000 0.001861 0.996599 0.082377 10.182400 0.001548 -0.082380 0.996600 -0.000000 0.000000 0.000000 0.000000 1.000000
1.000000 -0.000099 0.000494 0.000000 0.000057 0.996306 0.085874 10.182400 -0.000501 -0.085874 0.996306 -0.000000 0.000000 0.000000 0.000000 1.000000
0.999989 0.004269 0.002064 -0.000000 -0.004436 0.996011 0.089116 10.182400 -0.001675 -0.089124 0.996019 0.000000 0.000000 0.000000 0.000000 1.000000
0.999948 0.009620 0.003297 0.000000 -0.009881 0.995765 0.091404 10.182400 -0.002404 -0.091432 0.995808 0.000000 0.000000 0.000000 0.000000 1.000000
0.999893 0.013973 0.004388 -0.000000 -0.014319 0.995616 0.092436 10.182400 -0.003077 -0.092489 0.995709 0.000000 0.000000 0.000000 0.000000 1.000000
0.999841 0.017109 0.005060 0.000000 -0.017504 0.995545 0.092650 10.182400 -0.003452 -0.092723 0.995686 0.000000 0.000000 0.000000 0.000000 1.000000
0.999799 0.019461 0.004919 -0.000000 -0.019833 0.995525 0.092389 10.182400 -0.003099 -0.092468 0.995711 0.000000 0.000000 0.000000 0.000000 1.000000
0.999767 0.021207 0.003981 0.000000 -0.021485 0.995472 0.092596 10.182400 -0.001999 -0.092660 0.995696 0.000000 0.000000 0.000000 0.000000 1.000000
0.999751 0.022151 0.002685 0.000000 -0.022305 0.995415 0.093015 10.182400 -0.000612 -0.093052 0.995661 0.000000 0.000000 0.000000 0.000000 1.000000
0.999745 0.022524 0.001508 0.000000 -0.022567 0.995417 0.092930 10.182400 0.000592 -0.092941 0.995671 0.000000 0.000000 0.000000 0.000000 1.000000
0.999746 0.022518 0.000813 0.000000 -0.022497 0.995505 0.091996 10.182400 0.001262 -0.091991 0.995759 -0.000000 0.000000 0.000000 0.000000 1.000000
0.999755 0.022113 0.000677 -0.000000 -0.022084 0.995672 0.090278 10.182400 0.001323 -0.090270 0.995916 0.000000 0.000000 0.000000 0.000000 1.000000
0.999773 0.021260 0.000975 0.000000 -0.021264 0.995902 0.087906 10.182400 0.000898 -0.087907 0.996128 -0.000000 0.000000 0.000000 0.000000 1.000000
0.999799 0.019984 0.001507 0.000000 -0.020040 0.996172 0.085082 10.182400 0.000200 -0.085095 0.996373 -0.000000 0.000000 0.000000 0.000000 1.000000
0.999824 0.018667 0.002016 0.000000 -0.018770 0.996445 0.082123 10.182400 -0.000476 -0.082146 0.996620 -0.000000 0.000000 0.000000 0.000000 1.000000
0.999839 0.017817 0.002275 0.000000 -0.017941 0.996692 0.079267 10.182400 -0.000855 -0.079295 0.996851 0.000000 0.000000 0.000000 0.000000 1.000000
0.999844 0.017539 0.002186 0.000000 -0.017655 0.996909 0.076560 10.182400 -0.000836 -0.076586 0.997063 0.000000 0.000000 0.000000 0.000000 1.000000
0.999847 0.017372 0.001842 0.000000 -0.017460 0.997110 0.073941 10.182400 -0.000552 -0.073962 0.997261 -0.000000 0.000000 0.000000 0.000000 1.000000
0.999852 0.017143 0.001525 -0.000000 -0.017208 0.997303 0.071350 10.182400 -0.000298 -0.071365 0.997450 -0.000000 0.000000 0.000000 0.000000 1.000000
0.999857 0.016845 0.001474 0.000000 -0.016907 0.997491 0.068742 10.182400 -0.000312 -0.068757 0.997633 -0.000000 0.000000 0.000000 0.000000 1.000000
0.999862 0.016544 0.001783 0.000000 -0.016626 0.997673 0.066126 10.182400 -0.000685 -0.066146 0.997810 0.000000 0.000000 0.000000 0.000000 1.000000
0.999865 0.016252 0.002410 0.000000 -0.016372 0.997844 0.063550 10.182400 -0.001372 -0.063581 0.997976 0.000000 0.000000 0.000000 0.000000 1.000000
0.999866 0.016173 0.002574 0.000000 -0.016303 0.997873 0.063109 10.182400 -0.001548 -0.063142 0.998003 0.000000 0.000000 0.000000 0.000000 1.000000
0.999867 0.016119 0.002663 0.000000 -0.016254 0.997890 0.062853 10.182400 -0.001644 -0.062888 0.998019 0.000000 0.000000 0.000000 0.000000 1.000000
0.999867 0.016085 0.002691 0.000000 -0.016222 0.997897 0.062750 10.182400 -0.001676 -0.062785 0.998026 0.000000 0.000000 0.000000 0.000000 1.000000
0.999867 0.016068 0.002670 -0.000000 -0.016204 0.997897 0.062766 10.182400 -0.001656 -0.062801 0.998025 0.000000 0.000000 0.000000 0.000000 1.000000
0.999868 0.016063 0.002614 0.000000 -0.016196 0.997890 0.062870 10.182400 -0.001598 -0.062904 0.998018 0.000000 0.000000 0.000000 0.000000 1.000000
0.999868 0.016067 0.002537 -0.000000 -0.016195 0.997880 0.063028 10.182400 -0.001518 -0.063060 0.998009 0.000000 0.000000 0.000000 0.000000 1.000000
0.999868 0.016075 0.002451 0.000000 -0.016198 0.997869 0.063208 10.182400 -0.001430 -0.063239 0.997997 -0.000000 0.000000 0.000000 0.000000 1.000000
0.999868 0.016084 0.002371 0.000000 -0.016202 0.997858 0.063376 10.182400 -0.001347 -0.063406 0.997987 0.000000 0.000000 0.000000 0.000000 1.000000
0.999868 0.016088 0.002310 0.000000 -0.016202 0.997850 0.063502 10.182400 -0.001284 -0.063531 0.997979 0.000000 0.000000 0.000000 0.000000 1.000000
0.999868 0.016095 0.002290 -0.000000 -0.016208 0.997847 0.063551 10.182400 -0.001263 -0.063579 0.997976 0.000000 0.000000 0.000000 0.000000 1.000000</float_array>
        <technique_common>
          <accessor source="#mixamorig_Spine-Matrix-animation-output-transform-array" count="98" stride="16">
            <param type="float4x4"/>
          </accessor>
        </technique_common>
      </source>
      <source id="mixamorig_Spine-Interpolations">
        <Name_array id="mixamorig_Spine-Interpolations-array" count="98">
 LINEAR LINEAR LINEAR LINEAR LINEAR LINEAR LINEAR LINEAR LINEAR LINEAR LINEAR
LINEAR LINEAR LINEAR LINEAR LINEAR LINEAR LINEAR LINEAR LINEAR LINEAR LINEAR LINEAR
LINEAR LINEAR LINEAR LINEAR LINEAR LINEAR LINEAR LINEAR LINEAR LINEAR LINEAR LINEAR
LINEAR LINEAR LINEAR LINEAR LINEAR LINEAR LINEAR LINEAR LINEAR LINEAR LINEAR LINEAR
LINEAR LINEAR LINEAR LINEAR LINEAR LINEAR LINEAR LINEAR LINEAR LINEAR LINEAR LINEAR
LINEAR LINEAR LINEAR LINEAR LINEAR LINEAR LINEAR LINEAR LINEAR LINEAR LINEAR LINEAR
LINEAR LINEAR LINEAR LINEAR LINEAR LINEAR LINEAR LINEAR LINEAR LINEAR LINEAR LINEAR
LINEAR LINEAR LINEAR LINEAR LINEAR LINEAR LINEAR LINEAR LINEAR LINEAR LINEAR LINEAR
LINEAR LINEAR LINEAR</Name_array>
        <technique_common>
          <accessor source="#mixamorig_Spine-Interpolations-array" count="98">
            <param type="name"/>
          </accessor>
        </technique_common>
      </source>
      <sampler id="mixamorig_Spine-Matrix-animation-transform">
        <input semantic="INPUT" source="#mixamorig_Spine-Matrix-animation-input"/>
        <input semantic="OUTPUT" source="#mixamorig_Spine-Matrix-animation-output-transform"/>
        <input semantic="INTERPOLATION" source="#mixamorig_Spine-Interpolations"/>
      </sampler>
      <channel source="#mixamorig_Spine-Matrix-animation-transform" target="mixamorig_Spine/matrix"/>
    </animation>
    <animation id="mixamorig_Spine1-anim" name="mixamorig_Spine1">
      <source id="mixamorig_Spine1-Matrix-animation-input">
        <float_array id="mixamorig_Spine1-Matrix-animation-input-array" count="98">

0.000000 0.033333 0.066667 0.100000 0.133333 0.166667 0.200000 0.233333 0.266667 0.300000 0.333333 0.366667 0.400000 0.433333 0.466667 0.500000
0.533333 0.566667 0.600000 0.633333 0.666667 0.700000 0.733333 0.766667 0.800000 0.833333 0.866667 0.900000 0.933333 0.966667 1.000000 1.033333
1.066667 1.100000 1.133333 1.166667 1.200000 1.233333 1.266667 1.300000 1.333333 1.366667 1.400000 1.433333 1.466667 1.500000 1.533333 1.566667
1.600000 1.633333 1.666667 1.700000 1.733333 1.766667 1.800000 1.833333 1.866667 1.900000 1.933333 1.966667 2.000000 2.033333 2.066667 2.100000
2.133333 2.166667 2.200000 2.233333 2.266667 2.300000 2.333333 2.366667 2.400000 2.433333 2.466667 2.500000 2.533333 2.566667 2.600000 2.633333
2.666667 2.700000 2.733333 2.766667 2.800000 2.833333 2.866667 2.900000 2.933333 2.966667 3.000000 3.033333 3.066667 3.100000 3.133333 3.166667
3.200000 3.233333</float_array>
        <technique_common>
          <accessor source="#mixamorig_Spine1-Matrix-animation-input-array" count="98">
            <param name="TIME" type="float"/>
          </accessor>
        </technique_common>
      </source>
      <source id="mixamorig_Spine1-Matrix-animation-output-transform">
        <float_array id="mixamorig_Spine1-Matrix-animation-output-transform-array" count="1568">

0.999918 0.012663 0.002054 -0.000000 -0.012031 0.981216 -0.192539 10.002700 -0.004454 0.192498 0.981287 0.000000 0.000000 0.000000 0.000000 1.000000
0.999906 0.013594 0.001524 -0.000000 -0.013060 0.981846 -0.189231 10.002700 -0.004068 0.189194 0.981931 0.000000 0.000000 0.000000 0.000000 1.000000
0.999882 0.015193 0.002236 0.000000 -0.014511 0.982422 -0.186107 10.002700 -0.005024 0.186052 0.982527 -0.000000 0.000000 0.000000 0.000000 1.000000
0.999852 0.016779 0.003758 0.000000 -0.015806 0.982925 -0.183328 10.002700 -0.006770 0.183242 0.983045 0.000000 0.000000 0.000000 0.000000 1.000000
0.999823 0.017974 0.005624 0.000000 -0.016660 0.983358 -0.180911 10.002700 -0.008782 0.180785 0.983483 0.000000 0.000000 0.000000 0.000000 1.000000
0.999800 0.018690 0.007150 -0.000000 -0.017107 0.983680 -0.179112 10.002700 -0.010380 0.178954 0.983803 0.000000 0.000000 0.000000 0.000000 1.000000
0.999794 0.018890 0.007402 0.000000 -0.017264 0.983756 -0.178680 10.002700 -0.010657 0.178515 0.983879 0.000000 0.000000 0.000000 0.000000 1.000000
0.999811 0.018478 0.006016 0.000000 -0.017090 0.983441 -0.180423 10.002700 -0.009250 0.180286 0.983571 0.000000 0.000000 0.000000 0.000000 1.000000
0.999844 0.017182 0.004108 -0.000000 -0.016129 0.982680 -0.184607 10.002700 -0.007209 0.184511 0.982804 -0.000000 0.000000 0.000000 0.000000 1.000000
0.999875 0.015334 0.003875 0.000000 -0.014320 0.981743 -0.189673 10.002700 -0.006713 0.189594 0.981840 0.000000 0.000000 0.000000 0.000000 1.000000
0.999890 0.013571 0.006032 0.000000 -0.012141 0.980887 -0.194198 10.002700 -0.008552 0.194104 0.980944 0.000000 0.000000 0.000000 0.000000 1.000000
0.999887 0.012064 0.008968 0.000000 -0.010053 0.980195 -0.197780 10.002700 -0.011176 0.197668 0.980205 0.000000 0.000000 0.000000 0.000000 1.000000
0.999871 0.011164 0.011553 -0.000000 -0.008638 0.979896 -0.199323 10.002700 -0.013546 0.199197 0.979866 -0.000000 0.000000 0.000000 0.000000 1.000000
0.999831 0.011246 0.014574 0.000000 -0.008137 0.980153 -0.198075 10.002700 -0.016512 0.197922 0.980079 -0.000000 0.000000 0.000000 0.000000 1.000000
0.999735 0.012886 0.019079 0.000000 -0.008933 0.980878 -0.194417 10.002700 -0.021220 0.194195 0.980733 -0.000000 0.000000 0.000000 0.000000 1.000000
