<?xml version="1.0" encoding="utf-8"?>
<COLLADA xmlns="http://www.collada.org/2005/11/COLLADASchema" version="1.4.1">
  <asset>
    <contributor>
      <author>Mixamo</author>
      <authoring_tool>COLLADA Mixamo exporter</authoring_tool>
      <comments/>
    </contributor>
    <created>2023-03-14T03:32:48Z</created>
    <modified>2023-03-14T03:32:48Z</modified>
    <revision/>
    <title/>
    <unit meter="0.010000"/>
    <up_axis>Y_UP</up_axis>
  </asset>
  <library_animations>
    <animation id="mixamorig_Hips-anim" name="mixamorig_Hips">
      <source id="mixamorig_Hips-Matrix-animation-input">
        <float_array id="mixamorig_Hips-Matrix-animation-input-array" count="301">

0.000000 0.033333 0.066667 0.100000 0.133333 0.166667 0.200000 0.233333 0.266667 0.300000 0.333333 0.366667 0.400000 0.433333 0.466667 0.500000
0.533333 0.566667 0.600000 0.633333 0.666667 0.700000 0.733333 0.766667 0.800000 0.833333 0.866667 0.900000 0.933333 0.966667 1.000000 1.033333
1.066667 1.100000 1.133333 1.166667 1.200000 1.233333 1.266667 1.300000 1.333333 1.366667 1.400000 1.433333 1.466667 1.500000 1.533333 1.566667
1.600000 1.633333 1.666667 1.700000 1.733333 1.766667 1.800000 1.833333 1.866667 1.900000 1.933333 1.966667 2.000000 2.033333 2.066667 2.100000
2.133333 2.166667 2.200000 2.233333 2.266667 2.300000 2.333333 2.366667 2.400000 2.433333 2.466667 2.500000 2.533333 2.566667 2.600000 2.633333
2.666667 2.700000 2.733333 2.766667 2.800000 2.833333 2.866667 2.900000 2.933333 2.966667 3.000000 3.033333 3.066667 3.100000 3.133333 3.166667
3.200000 3.233333 3.266667 3.300000 3.333333 3.366667 3.400000 3.433333 3.466667 3.500000 3.533333 3.566667 3.600000 3.633333 3.666667 3.700000
3.733333 3.766667 3.800000 3.833333 3.866667 3.900000 3.933333 3.966667 4.000000 4.033333 4.066667 4.100000 4.133333 4.166667 4.200000 4.233333
4.266667 4.300000 4.333333 4.366667 4.400000 4.433333 4.466667 4.500000 4.533333 4.566667 4.600000 4.633333 4.666667 4.700000 4.733333 4.766667
4.800000 4.833333 4.866667 4.900000 4.933333 4.966667 5.000000 5.033333 5.066667 5.100000 5.133333 5.166667 5.200000 5.233333 5.266667 5.300000
5.333333 5.366667 5.400000 5.433333 5.466667 5.500000 5.533333 5.566667 5.600000 5.633333 5.666667 5.700000 5.733333 5.766667 5.800000 5.833333
5.866667 5.900000 5.933333 5.966667 6.000000 6.033333 6.066667 6.100000 6.133333 6.166667 6.200000 6.233333 6.266667 6.300000 6.333333 6.366667
6.400000 6.433333 6.466667 6.500000 6.533333 6.566667 6.600000 6.633333 6.666667 6.700000 6.733333 6.766667 6.800000 6.833333 6.866667 6.900000
6.933333 6.966667 7.000000 7.033333 7.066667 7.100000 7.133333 7.166667 7.200000 7.233333 7.266667 7.300000 7.333333 7.366667 7.400000 7.433333
7.466667 7.500000 7.533333 7.566667 7.600000 7.633333 7.666667 7.700000 7.733333 7.766667 7.800000 7.833333 7.866667 7.900000 7.933333 7.966667
8.000000 8.033333 8.066667 8.100000 8.133333 8.166667 8.200000 8.233333 8.266667 8.300000 8.333333 8.366667 8.400000 8.433333 8.466667 8.500000
8.533333 8.566667 8.600000 8.633333 8.666667 8.700000 8.733333 8.766667 8.800000 8.833333 8.866667 8.900000 8.933333 8.966667 9.000000 9.033333
9.066667 9.100000 9.133333 9.166667 9.200000 9.233333 9.266667 9.300000 9.333333 9.366667 9.400000 9.433333 9.466667 9.500000 9.533333 9.566667
9.600000 9.633333 9.666667 9.700000 9.733333 9.766667 9.800000 9.833333 9.866667 9.900000 9.933333 9.966667 10.000000</float_array>
        <technique_common>
          <accessor source="#mixamorig_Hips-Matrix-animation-input-array" count="301">
            <param name="TIME" type="float"/>
          </accessor>
        </technique_common>
      </source>
      <source id="mixamorig_Hips-Matrix-animation-output-transform">
        <float_array id="mixamorig_Hips-Matrix-animation-output-transform-array" count="4816">

0.729268 0.044649 -0.682770 -0.816690 -0.000590 0.997909 0.064627 96.912277 0.684228 -0.046728 0.727769 0.086852 0.000000 0.000000 0.000000 1.000000
0.728963 0.044903 -0.683078 -0.803995 -0.000575 0.997886 0.064984 96.922264 0.684552 -0.046979 0.727448 0.075051 0.000000 0.000000 0.000000 1.000000
0.728745 0.045226 -0.683290 -0.789231 -0.000638 0.997861 0.065367 96.932762 0.684785 -0.047200 0.727215 0.067843 0.000000 0.000000 0.000000 1.000000
0.728743 0.045616 -0.683266 -0.774063 -0.000813 0.997836 0.065751 96.944534 0.684787 -0.047360 0.727203 0.068564 0.000000 0.000000 0.000000 1.000000
0.729024 0.046045 -0.682938 -0.761089 -0.001046 0.997809 0.066158 96.957863 0.684487 -0.047516 0.727475 0.079960 0.000000 0.000000 0.000000 1.000000
0.729523 0.046504 -0.682374 -0.752015 -0.001233 0.997774 0.066680 96.972496 0.683955 -0.047803 0.727956 0.102342 0.000000 0.000000 0.000000 1.000000
0.730083 0.046992 -0.681741 -0.746604 -0.001309 0.997727 0.067372 96.988983 0.683357 -0.048295 0.728485 0.133800 0.000000 0.000000 0.000000 1.000000
0.730536 0.047458 -0.681224 -0.743516 -0.001287 0.997676 0.068123 97.009567 0.682873 -0.048889 0.728899 0.172241 0.000000 0.000000 0.000000 1.000000
0.730785 0.047818 -0.680931 -0.741170 -0.001238 0.997634 0.068731 97.036102 0.682607 -0.049385 0.729115 0.216796 0.000000 0.000000 0.000000 1.000000
0.730816 0.048063 -0.680880 -0.737443 -0.001219 0.997608 0.069112 97.066856 0.682573 -0.049679 0.729127 0.266897 0.000000 0.000000 0.000000 1.000000
0.730659 0.048284 -0.681033 -0.729052 -0.001237 0.997588 0.069401 97.096603 0.682741 -0.049866 0.728957 0.320583 0.000000 0.000000 0.000000 1.000000
0.730407 0.048577 -0.681283 -0.713492 -0.001232 0.997560 0.069808 97.119568 0.683011 -0.050149 0.728684 0.374306 0.000000 0.000000 0.000000 1.000000
0.730263 0.048967 -0.681409 -0.692307 -0.001154 0.997515 0.070446 97.134048 0.683166 -0.050658 0.728504 0.425371 0.000000 0.000000 0.000000 1.000000
0.730455 0.049441 -0.681169 -0.671403 -0.001045 0.997456 0.071278 97.144669 0.682960 -0.051354 0.728648 0.473736 0.000000 0.000000 0.000000 1.000000
0.730993 0.049977 -0.680552 -0.656682 -0.001008 0.997392 0.072161 97.159744 0.682384 -0.052063 0.729137 0.520661 0.000000 0.000000 0.000000 1.000000
0.731558 0.050511 -0.679906 -0.648907 -0.001117 0.997339 0.072891 97.184883 0.681779 -0.052564 0.729668 0.565941 0.000000 0.000000 0.000000 1.000000
0.731738 0.050950 -0.679679 -0.644103 -0.001349 0.997308 0.073308 97.218933 0.681585 -0.052725 0.729837 0.607670 0.000000 0.000000 0.000000 1.000000
0.731410 0.051261 -0.680008 -0.637943 -0.001625 0.997299 0.073431 97.255348 0.681936 -0.052604 0.729518 0.644810 0.000000 0.000000 0.000000 1.000000
0.730843 0.051498 -0.680600 -0.629396 -0.001871 0.997297 0.073451 97.287262 0.682543 -0.052408 0.728964 0.679118 0.000000 0.000000 0.000000 1.000000
0.730415 0.051729 -0.681042 -0.620191 -0.002051 0.997289 0.073550 97.311256 0.683001 -0.052325 0.728541 0.714155 0.000000 0.000000 0.000000 1.000000
0.730312 0.051955 -0.681135 -0.612433 -0.002149 0.997273 0.073765 97.328300 0.683110 -0.052408 0.728432 0.753205 0.000000 0.000000 0.000000 1.000000
0.730467 0.052130 -0.680955 -0.607141 -0.002163 0.997254 0.074024 97.342194 0.682944 -0.052600 0.728574 0.797236 0.000000 0.000000 0.000000 1.000000
0.730714 0.052232 -0.680683 -0.603994 -0.002108 0.997237 0.074259 97.356285 0.682681 -0.052827 0.728805 0.844487 0.000000 0.000000 0.000000 1.000000
0.730912 0.052274 -0.680466 -0.601995 -0.002019 0.997224 0.074438 97.371132 0.682468 -0.053034 0.728989 0.891259 0.000000 0.000000 0.000000 1.000000
0.730966 0.052265 -0.680409 -0.600062 -0.001923 0.997217 0.074535 97.384758 0.682411 -0.053174 0.729032 0.932819 0.000000 0.000000 0.000000 1.000000
0.730824 0.052199 -0.680568 -0.597522 -0.001838 0.997218 0.074511 97.395004 0.682564 -0.053203 0.728887 0.964553 0.000000 0.000000 0.000000 1.000000
0.730530 0.052090 -0.680891 -0.594717 -0.001797 0.997230 0.074364 97.401886 0.682879 -0.053101 0.728599 0.983884 0.000000 0.000000 0.000000 1.000000
0.730218 0.051993 -0.681233 -0.592573 -0.001839 0.997246 0.074140 97.406815 0.683212 -0.052885 0.728302 0.991512 0.000000 0.000000 0.000000 1.000000
0.729980 0.051934 -0.681492 -0.591330 -0.001958 0.997264 0.073901 97.409622 0.683465 -0.052612 0.728084 0.989607 0.000000 0.000000 0.000000 1.000000
0.729808 0.051890 -0.681680 -0.589744 -0.002082 0.997279 0.073685 97.406723 0.683649 -0.052356 0.727931 0.979283 0.000000 0.000000 0.000000 1.000000
0.729681 0.051837 -0.681820 -0.586424 -0.002142 0.997291 0.073530 97.393593 0.683785 -0.052193 0.727815 0.960454 0.000000 0.000000 0.000000 1.000000
0.729655 0.051817 -0.681850 -0.581044 -0.002142 0.997293 0.073497 97.369911 0.683812 -0.052167 0.727791 0.933508 0.000000 0.000000 0.000000 1.000000
0.729804 0.051893 -0.681684 -0.575134 -0.002153 0.997284 0.073614 97.341743 0.683653 -0.052256 0.727934 0.900169 0.000000 0.000000 0.000000 1.000000
0.730084 0.052042 -0.681373 -0.571238 -0.002223 0.997271 0.073788 97.318680 0.683354 -0.052357 0.728208 0.863060 0.000000 0.000000 0.000000 1.000000
0.730303 0.052118 -0.681132 -0.570705 -0.002319 0.997269 0.073821 97.307304 0.683119 -0.052332 0.728429 0.824225 0.000000 0.000000 0.000000 1.000000
0.730256 0.051977 -0.681194 -0.571980 -0.002360 0.997288 0.073565 97.305847 0.683170 -0.052113 0.728398 0.783774 0.000000 0.000000 0.000000 1.000000
0.729898 0.051640 -0.681603 -0.571481 -0.002306 0.997323 0.073091 97.304649 0.683552 -0.051777 0.728063 0.740311 0.000000 0.000000 0.000000 1.000000
0.729435 0.051295 -0.682124 -0.567336 -0.002199 0.997355 0.072648 97.292656 0.684047 -0.051492 0.727618 0.693491 0.000000 0.000000 0.000000 1.000000
0.729171 0.051101 -0.682421 -0.561375 -0.002104 0.997371 0.072437 97.266045 0.684328 -0.051384 0.727361 0.646079 0.000000 0.000000 0.000000 1.000000
0.729240 0.051031 -0.682353 -0.557327 -0.002026 0.997372 0.072426 97.230721 0.684255 -0.051434 0.727427 0.602267 0.000000 0.000000 0.000000 1.000000
0.729471 0.050934 -0.682113 -0.557370 -0.001922 0.997372 0.072420 97.197441 0.684009 -0.051518 0.727652 0.564092 0.000000 0.000000 0.000000 1.000000
0.729558 0.050719 -0.682036 -0.560937 -0.001773 0.997383 0.072273 97.173882 0.683917 -0.051518 0.727739 0.529764 0.000000 0.000000 0.000000 1.000000
0.729321 0.050416 -0.682312 -0.566207 -0.001602 0.997404 0.071986 97.159927 0.684170 -0.051408 0.727508 0.495004 0.000000 0.000000 0.000000 1.000000
0.728820 0.050092 -0.682871 -0.571207 -0.001431 0.997430 0.071639 97.149216 0.684704 -0.051235 0.727018 0.455464 0.000000 0.000000 0.000000 1.000000
0.728269 0.049786 -0.683480 -0.574377 -0.001274 0.997454 0.071300 97.134804 0.685290 -0.051055 0.726478 0.408849 0.000000 0.000000 0.000000 1.000000
0.727868 0.049528 -0.683927 -0.575157 -0.001164 0.997476 0.070996 97.113777 0.685717 -0.050879 0.726088 0.355810 0.000000 0.000000 0.000000 1.000000
0.727700 0.049327 -0.684120 -0.574515 -0.001127 0.997495 0.070723 97.088333 0.685895 -0.050694 0.725933 0.299455 0.000000 0.000000 0.000000 1.000000
0.727736 0.049139 -0.684095 -0.573919 -0.001129 0.997515 0.070452 97.063255 0.685857 -0.050498 0.725982 0.243551 0.000000 0.000000 0.000000 1.000000
0.727893 0.048901 -0.683945 -0.573659 -0.001101 0.997536 0.070151 97.042664 0.685690 -0.050310 0.726153 0.191304 0.000000 0.000000 0.000000 1.000000
0.728059 0.048578 -0.683791 -0.572215 -0.000995 0.997560 0.069810 97.026779 0.685514 -0.050146 0.726331 0.145133 0.000000 0.000000 0.000000 1.000000
0.728111 0.048199 -0.683763 -0.567618 -0.000826 0.997586 0.069440 97.012772 0.685459 -0.049995 0.726393 0.107120 0.000000 0.000000 0.000000 1.000000
0.727968 0.047840 -0.683940 -0.559808 -0.000659 0.997611 0.069080 96.997635 0.685611 -0.049838 0.726260 0.078398 0.000000 0.000000 0.000000 1.000000
0.727662 0.047589 -0.684283 -0.550751 -0.000559 0.997631 0.068787 96.981194 0.685935 -0.049671 0.725965 0.058133 0.000000 0.000000 0.000000 1.000000
0.727311 0.047469 -0.684665 -0.542806 -0.000546 0.997645 0.068587 96.965523 0.686308 -0.049510 0.725624 0.043518 0.000000 0.000000 0.000000 1.000000
0.727045 0.047411 -0.684950 -0.537506 -0.000579 0.997655 0.068442 96.952713 0.686589 -0.049364 0.725368 0.031227 0.000000 0.000000 0.000000 1.000000
0.726949 0.047317 -0.685060 -0.535051 -0.000605 0.997667 0.068267 96.943443 0.686692 -0.049212 0.725281 0.019091 0.000000 0.000000 0.000000 1.000000
0.727018 0.047138 -0.684999 -0.534383 -0.000614 0.997685 0.068004 96.937286 0.686618 -0.049019 0.725364 0.006484 0.000000 0.000000 0.000000 1.000000
0.727146 0.046883 -0.684880 -0.533662 -0.000606 0.997709 0.067655 96.933090 0.686483 -0.048780 0.725508 -0.006586 0.000000 0.000000 0.000000 1.000000
0.727190 0.046577 -0.684854 -0.531595 -0.000559 0.997735 0.067263 96.929428 0.686436 -0.048530 0.725569 -0.019409 0.000000 0.000000 0.000000 1.000000
0.727084 0.046265 -0.684988 -0.528328 -0.000465 0.997760 0.066896 96.925446 0.686549 -0.048321 0.725476 -0.029636 0.000000 0.000000 0.000000 1.000000
0.726880 0.046023 -0.685221 -0.525013 -0.000369 0.997778 0.066626 96.921944 0.686764 -0.048176 0.725282 -0.033219 0.000000 0.000000 0.000000 1.000000
0.726691 0.045919 -0.685428 -0.522736 -0.000332 0.997787 0.066493 96.921227 0.686964 -0.048093 0.725098 -0.026331 0.000000 0.000000 0.000000 1.000000
0.726580 0.045956 -0.685543 -0.521984 -0.000380 0.997787 0.066485 96.925720 0.687081 -0.048047 0.724990 -0.007560 0.000000 0.000000 0.000000 1.000000
0.726501 0.046077 -0.685618 -0.522749 -0.000485 0.997784 0.066542 96.936668 0.687165 -0.048010 0.724914 0.021634 0.000000 0.000000 0.000000 1.000000
0.726346 0.046230 -0.685773 -0.524558 -0.000607 0.997778 0.066621 96.953056 0.687329 -0.047974 0.724760 0.058439 0.000000 0.000000 0.000000 1.000000
0.726045 0.046403 -0.686079 -0.527104 -0.000707 0.997770 0.066736 96.972389 0.687646 -0.047968 0.724459 0.100339 0.000000 0.000000 0.000000 1.000000
0.725646 0.046622 -0.686487 -0.530616 -0.000773 0.997756 0.066944 96.991997 0.688068 -0.048048 0.724054 0.145804 0.000000 0.000000 0.000000 1.000000
0.725280 0.046910 -0.686853 -0.535629 -0.000808 0.997733 0.067289 97.010666 0.688453 -0.048248 0.723674 0.193598 0.000000 0.000000 0.000000 1.000000
0.725059 0.047262 -0.687063 -0.542611 -0.000831 0.997702 0.067753 97.029022 0.688686 -0.048554 0.723432 0.242378 0.000000 0.000000 0.000000 1.000000
0.725001 0.047633 -0.687098 -0.551753 -0.000856 0.997667 0.068260 97.049042 0.688747 -0.048901 0.723351 0.290973 0.000000 0.000000 0.000000 1.000000
0.725045 0.047970 -0.687028 -0.563270 -0.000890 0.997636 0.068719 97.072662 0.688700 -0.049213 0.723374 0.339174 0.000000 0.000000 0.000000 1.000000
0.725106 0.048235 -0.686946 -0.576652 -0.000926 0.997611 0.069072 97.100433 0.688637 -0.049449 0.723418 0.387904 0.000000 0.000000 0.000000 1.000000
0.725122 0.048416 -0.686916 -0.590208 -0.000927 0.997593 0.069335 97.130981 0.688620 -0.049639 0.723422 0.438047 0.000000 0.000000 0.000000 1.000000
0.725088 0.048528 -0.686944 -0.601903 -0.000847 0.997576 0.069578 97.161407 0.688656 -0.049869 0.723372 0.489111 0.000000 0.000000 0.000000 1.000000
0.725075 0.048634 -0.686950 -0.611543 -0.000684 0.997554 0.069901 97.188873 0.688669 -0.050214 0.723335 0.539536 0.000000 0.000000 0.000000 1.000000
0.725177 0.048833 -0.686829 -0.621036 -0.000514 0.997520 0.070381 97.212738 0.688563 -0.050685 0.723404 0.588238 0.000000 0.000000 0.000000 1.000000
0.725415 0.049198 -0.686552 -0.632423 -0.000435 0.997475 0.071019 97.234749 0.688312 -0.051220 0.723604 0.635262 0.000000 0.000000 0.000000 1.000000
0.725681 0.049700 -0.686234 -0.645808 -0.000475 0.997424 0.071735 97.258080 0.688031 -0.051731 0.723835 0.680705 0.000000 0.000000 0.000000 1.000000
0.725839 0.050217 -0.686029 -0.659535 -0.000563 0.997375 0.072411 97.284348 0.687865 -0.052172 0.723961 0.723628 0.000000 0.000000 0.000000 1.000000
0.725866 0.050615 -0.685971 -0.672175 -0.000599 0.997335 0.072955 97.312637 0.687836 -0.052545 0.723962 0.762368 0.000000 0.000000 0.000000 1.000000
0.725887 0.050843 -0.685932 -0.683346 -0.000550 0.997307 0.073340 97.340279 0.687814 -0.052859 0.723960 0.795691 0.000000 0.000000 0.000000 1.000000
0.726055 0.050942 -0.685747 -0.693211 -0.000455 0.997287 0.073604 97.364159 0.687636 -0.053128 0.724109 0.823291 0.000000 0.000000 0.000000 1.000000
0.726408 0.051003 -0.685369 -0.701039 -0.000362 0.997271 0.073830 97.381699 0.687264 -0.053382 0.724444 0.845479 0.000000 0.000000 0.000000 1.000000
0.726818 0.051099 -0.684927 -0.705905 -0.000296 0.997252 0.074086 97.392227 0.686830 -0.053644 0.724835 0.862935 0.000000 0.000000 0.000000 1.000000
0.727093 0.051258 -0.684623 -0.708158 -0.000282 0.997231 0.074364 97.397675 0.686539 -0.053876 0.725094 0.876739 0.000000 0.000000 0.000000 1.000000
0.727121 0.051455 -0.684578 -0.709849 -0.000346 0.997214 0.074587 97.401756 0.686509 -0.053997 0.725113 0.888091 0.000000 0.000000 0.000000 1.000000
0.726906 0.051608 -0.684795 -0.712875 -0.000469 0.997209 0.074654 97.407471 0.686737 -0.053945 0.724902 0.897919 0.000000 0.000000 0.000000 1.000000
0.726539 0.051609 -0.685184 -0.717202 -0.000569 0.997220 0.074508 97.414886 0.687125 -0.053743 0.724549 0.906382 0.000000 0.000000 0.000000 1.000000
0.726151 0.051420 -0.685610 -0.721481 -0.000577 0.997245 0.074181 97.420715 0.687535 -0.053471 0.724179 0.912753 0.000000 0.000000 0.000000 1.000000
0.725882 0.051126 -0.685916 -0.724517 -0.000507 0.997273 0.073797 97.420685 0.687819 -0.053220 0.723929 0.915151 0.000000 0.000000 0.000000 1.000000
0.725842 0.050874 -0.685977 -0.725885 -0.000463 0.997297 0.073473 97.413086 0.687861 -0.053012 0.723904 0.911408 0.000000 0.000000 0.000000 1.000000
0.726024 0.050740 -0.685795 -0.725766 -0.000539 0.997316 0.073218 97.400047 0.687670 -0.052789 0.724102 0.900372 0.000000 0.000000 0.000000 1.000000
0.726284 0.050683 -0.685524 -0.724707 -0.000746 0.997336 0.072946 97.385689 0.687395 -0.052468 0.724386 0.882228 0.000000 0.000000 0.000000 1.000000
0.726436 0.050616 -0.685368 -0.723254 -0.001027 0.997363 0.072569 97.373116 0.687234 -0.052013 0.724572 0.858100 0.000000 0.000000 0.000000 1.000000
0.726385 0.050483 -0.685431 -0.721323 -0.001313 0.997399 0.072068 97.362480 0.687287 -0.051449 0.724562 0.829362 0.000000 0.000000 0.000000 1.000000
0.726165 0.050274 -0.685679 -0.718013 -0.001567 0.997441 0.071472 97.352036 0.687518 -0.050826 0.724386 0.797212 0.000000 0.000000 0.000000 1.000000
0.725882 0.050015 -0.685999 -0.712070 -0.001775 0.997486 0.070846 97.339386 0.687817 -0.050208 0.724146 0.762616 0.000000 0.000000 0.000000 1.000000
0.725658 0.049759 -0.686254 -0.703258 -0.001946 0.997526 0.070271 97.323181 0.688053 -0.049657 0.723959 0.726516 0.000000 0.000000 0.000000 1.000000
0.725600 0.049549 -0.686331 -0.692450 -0.002103 0.997559 0.069795 97.303452 0.688114 -0.049200 0.723933 0.690111 0.000000 0.000000 0.000000 1.000000
0.725741 0.049382 -0.686193 -0.680951 -0.002264 0.997587 0.069396 97.281464 0.687964 -0.048810 0.724101 0.654422 0.000000 0.000000 0.000000 1.000000
0.726015 0.049216 -0.685916 -0.669635 -0.002431 0.997613 0.069007 97.258743 0.687675 -0.048433 0.724402 0.619565 0.000000 0.000000 0.000000 1.000000
0.726279 0.049006 -0.685651 -0.658975 -0.002572 0.997642 0.068581 97.236488 0.687396 -0.048045 0.724692 0.584520 0.000000 0.000000 0.000000 1.000000
0.726423 0.048740 -0.685517 -0.649043 -0.002646 0.997673 0.068130 97.214630 0.687243 -0.047677 0.724862 0.547955 0.000000 0.000000 0.000000 1.000000
0.726430 0.048446 -0.685531 -0.639913 -0.002640 0.997702 0.067710 97.191933 0.687236 -0.047377 0.724888 0.509059 0.000000 0.000000 0.000000 1.000000
0.726358 0.048164 -0.685626 -0.631733 -0.002578 0.997726 0.067356 97.167259 0.687311 -0.047157 0.724831 0.467919 0.000000 0.000000 0.000000 1.000000
0.726275 0.047903 -0.685734 -0.624770 -0.002498 0.997746 0.067053 97.141037 0.687400 -0.046986 0.724757 0.424912 0.000000 0.000000 0.000000 1.000000
0.726203 0.047656 -0.685826 -0.619197 -0.002422 0.997766 0.066768 97.115356 0.687476 -0.046826 0.724696 0.380341 0.000000 0.000000 0.000000 1.000000
0.726140 0.047431 -0.685909 -0.615155 -0.002359 0.997784 0.066500 97.091904 0.687543 -0.046670 0.724643 0.334367 0.000000 0.000000 0.000000 1.000000
0.726077 0.047255 -0.685988 -0.612583 -0.002316 0.997798 0.066283 97.070740 0.687609 -0.046538 0.724588 0.287561 0.000000 0.000000 0.000000 1.000000
0.726014 0.047134 -0.686062 -0.611002 -0.002283 0.997808 0.066136 97.050995 0.687676 -0.046450 0.724531 0.240669 0.000000 0.000000 0.000000 1.000000
0.725963 0.047034 -0.686123 -0.609535 -0.002234 0.997815 0.066037 97.032578 0.687730 -0.046407 0.724482 0.194422 0.000000 0.000000 0.000000 1.000000
0.725945 0.046921 -0.686150 -0.607235 -0.002146 0.997820 0.065963 97.015869 0.687749 -0.046413 0.724463 0.149396 0.000000 0.000000 0.000000 1.000000
0.725987 0.046807 -0.686114 -0.603419 -0.002032 0.997823 0.065922 97.000465 0.687705 -0.046464 0.724501 0.106740 0.000000 0.000000 0.000000 1.000000
0.726078 0.046723 -0.686023 -0.597447 -0.001924 0.997823 0.065922 96.985138 0.687610 -0.046544 0.724587 0.067655 0.000000 0.000000 0.000000 1.000000
0.726169 0.046674 -0.685931 -0.588618 -0.001846 0.997822 0.065943 96.969681 0.687514 -0.046620 0.724673 0.032344 0.000000 0.000000 0.000000 1.000000
0.726220 0.046647 -0.685878 -0.576982 -0.001801 0.997821 0.065956 96.955421 0.687460 -0.046663 0.724721 -0.000357 0.000000 0.000000 0.000000 1.000000
0.726241 0.046628 -0.685857 -0.563658 -0.001778 0.997821 0.065954 96.944138 0.687437 -0.046679 0.724742 -0.031733 0.000000 0.000000 0.000000 1.000000
0.726276 0.046600 -0.685822 -0.550085 -0.001747 0.997821 0.065949 96.936768 0.687401 -0.046699 0.724775 -0.061746 0.000000 0.000000 0.000000 1.000000
0.726346 0.046550 -0.685751 -0.536988 -0.001677 0.997821 0.065957 96.933098 0.687328 -0.046757 0.724841 -0.088920 0.000000 0.000000 0.000000 1.000000
0.726441 0.046484 -0.685655 -0.524098 -0.001561 0.997819 0.065993 96.932373 0.687227 -0.046869 0.724929 -0.111040 0.000000 0.000000 0.000000 1.000000
0.726540 0.046434 -0.685554 -0.511064 -0.001423 0.997814 0.066076 96.934509 0.687123 -0.047031 0.725017 -0.125640 0.000000 0.000000 0.000000 1.000000
0.726617 0.046436 -0.685472 -0.498225 -0.001287 0.997804 0.066229 96.939766 0.687042 -0.047241 0.725081 -0.130734 0.000000 0.000000 0.000000 1.000000
0.726659 0.046527 -0.685420 -0.486484 -0.001180 0.997787 0.066480 96.947891 0.686997 -0.047499 0.725106 -0.125495 0.000000 0.000000 0.000000 1.000000
0.726645 0.046734 -0.685421 -0.476393 -0.001119 0.997763 0.066845 96.957924 0.687012 -0.047805 0.725072 -0.110261 0.000000 0.000000 0.000000 1.000000
0.726547 0.047056 -0.685504 -0.467718 -0.001106 0.997731 0.067317 96.969170 0.687116 -0.048151 0.724950 -0.085975 0.000000 0.000000 0.000000 1.000000
0.726367 0.047476 -0.685666 -0.460372 -0.001137 0.997693 0.067876 96.981873 0.687306 -0.048523 0.724745 -0.053793 0.000000 0.000000 0.000000 1.000000
0.726179 0.047964 -0.685831 -0.454967 -0.001209 0.997651 0.068491 96.996353 0.687505 -0.048907 0.724531 -0.015110 0.000000 0.000000 0.000000 1.000000
0.726100 0.048458 -0.685879 -0.452386 -0.001316 0.997610 0.069089 97.013062 0.687587 -0.049263 0.724428 0.028853 0.000000 0.000000 0.000000 1.000000
0.726204 0.048869 -0.685740 -0.452760 -0.001437 0.997576 0.069570 97.033134 0.687478 -0.049536 0.724514 0.077261 0.000000 0.000000 0.000000 1.000000
0.726442 0.049143 -0.685469 -0.455269 -0.001542 0.997554 0.069882 97.058418 0.687226 -0.049708 0.724741 0.129616 0.000000 0.000000 0.000000 1.000000
0.726673 0.049300 -0.685213 -0.459120 -0.001604 0.997541 0.070070 97.089386 0.686982 -0.049819 0.724965 0.185534 0.000000 0.000000 0.000000 1.000000
0.726754 0.049391 -0.685119 -0.463750 -0.001597 0.997530 0.070219 97.123932 0.686896 -0.049938 0.725038 0.244561 0.000000 0.000000 0.000000 1.000000
0.726651 0.049477 -0.685223 -0.468400 -0.001523 0.997517 0.070412 97.157974 0.687005 -0.050121 0.724922 0.305706 0.000000 0.000000 0.000000 1.000000
0.726484 0.049645 -0.685387 -0.472637 -0.001439 0.997495 0.070728 97.187515 0.687181 -0.050397 0.724736 0.367125 0.000000 0.000000 0.000000 1.000000
0.726420 0.049969 -0.685432 -0.476849 -0.001413 0.997460 0.071219 97.211159 0.687250 -0.050767 0.724645 0.426562 0.000000 0.000000 0.000000 1.000000
0.726515 0.050424 -0.685298 -0.482448 -0.001452 0.997414 0.071850 97.231033 0.687149 -0.051205 0.724710 0.482248 0.000000 0.000000 0.000000 1.000000
0.726685 0.050888 -0.685083 -0.490595 -0.001491 0.997367 0.072503 97.250999 0.686969 -0.051666 0.724848 0.533335 0.000000 0.000000 0.000000 1.000000
0.726807 0.051247 -0.684927 -0.500907 -0.001469 0.997326 0.073063 97.274101 0.686840 -0.052097 0.724939 0.579712 0.000000 0.000000 0.000000 1.000000
0.726827 0.051476 -0.684888 -0.511629 -0.001393 0.997296 0.073478 97.300308 0.686819 -0.052451 0.724934 0.621624 0.000000 0.000000 0.000000 1.000000
0.726773 0.051626 -0.684935 -0.521255 -0.001324 0.997275 0.073763 97.327576 0.686877 -0.052703 0.724860 0.659399 0.000000 0.000000 0.000000 1.000000
0.726693 0.051761 -0.685009 -0.529651 -0.001286 0.997258 0.073991 97.353355 0.686961 -0.052888 0.724767 0.693073 0.000000 0.000000 0.000000 1.000000
0.726653 0.051917 -0.685040 -0.537921 -0.001245 0.997238 0.074256 97.375786 0.687003 -0.053105 0.724711 0.722396 0.000000 0.000000 0.000000 1.000000
0.726708 0.052093 -0.684969 -0.547382 -0.001156 0.997212 0.074613 97.394348 0.686946 -0.053430 0.724742 0.747257 0.000000 0.000000 0.000000 1.000000
0.726874 0.052279 -0.684778 -0.558331 -0.001034 0.997181 0.075032 97.409203 0.686770 -0.053831 0.724878 0.767834 0.000000 0.000000 0.000000 1.000000
0.727079 0.052466 -0.684546 -0.570439 -0.000931 0.997150 0.075436 97.420563 0.686553 -0.054210 0.725056 0.783993 0.000000 0.000000 0.000000 1.000000
0.727193 0.052628 -0.684412 -0.583025 -0.000866 0.997126 0.075755 97.428169 0.686432 -0.054496 0.725149 0.795099 0.000000 0.000000 0.000000 1.000000
0.727137 0.052726 -0.684464 -0.595319 -0.000800 0.997111 0.075960 97.431602 0.686492 -0.054686 0.725078 0.800929 0.000000 0.000000 0.000000 1.000000
0.726957 0.052736 -0.684655 -0.606807 -0.000702 0.997103 0.076058 97.430969 0.686682 -0.054811 0.724888 0.801996 0.000000 0.000000 0.000000 1.000000
0.726794 0.052663 -0.684834 -0.617985 -0.000578 0.997103 0.076063 97.426727 0.686856 -0.054886 0.724719 0.798967 0.000000 0.000000 0.000000 1.000000
0.726769 0.052521 -0.684871 -0.630570 -0.000463 0.997110 0.075974 97.420052 0.686881 -0.054898 0.724693 0.792222 0.000000 0.000000 0.000000 1.000000
0.726917 0.052312 -0.684730 -0.646261 -0.000375 0.997124 0.075780 97.412621 0.686725 -0.054829 0.724846 0.782391 0.000000 0.000000 0.000000 1.000000
0.727162 0.052028 -0.684491 -0.665339 -0.000291 0.997147 0.075484 97.405716 0.686466 -0.054689 0.725103 0.770259 0.000000 0.000000 0.000000 1.000000
0.727382 0.051680 -0.684284 -0.686371 -0.000166 0.997173 0.075134 97.398590 0.686232 -0.054537 0.725335 0.755838 0.000000 0.000000 0.000000 1.000000
0.727498 0.051324 -0.684187 -0.707004 0.000018 0.997197 0.074824 97.389015 0.686109 -0.054447 0.725458 0.737887 0.000000 0.000000 0.000000 1.000000
0.727543 0.051047 -0.684161 -0.725336 0.000204 0.997212 0.074621 97.375427 0.686062 -0.054430 0.725504 0.715175 0.000000 0.000000 0.000000 1.000000
0.727618 0.050874 -0.684094 -0.740607 0.000302 0.997222 0.074481 97.358086 0.685983 -0.054400 0.725581 0.687230 0.000000 0.000000 0.000000 1.000000
0.727807 0.050713 -0.683904 -0.753325 0.000298 0.997239 0.074264 97.338699 0.685782 -0.054253 0.725782 0.654193 0.000000 0.000000 0.000000 1.000000
0.728096 0.050460 -0.683615 -0.764495 0.000260 0.997267 0.073888 97.319260 0.685475 -0.053975 0.726093 0.616514 0.000000 0.000000 0.000000 1.000000
0.728390 0.050111 -0.683328 -0.774650 0.000258 0.997302 0.073411 97.300980 0.685162 -0.053648 0.726412 0.574696 0.000000 0.000000 0.000000 1.000000
0.728595 0.049741 -0.683136 -0.783742 0.000291 0.997337 0.072929 97.283791 0.684945 -0.053334 0.726641 0.529191 0.000000 0.000000 0.000000 1.000000
0.728697 0.049377 -0.683054 -0.791514 0.000309 0.997374 0.072429 97.266647 0.684836 -0.052990 0.726768 0.480360 0.000000 0.000000 0.000000 1.000000
0.728766 0.048962 -0.683010 -0.797704 0.000292 0.997418 0.071812 97.248604 0.684763 -0.052533 0.726870 0.428667 0.000000 0.000000 0.000000 1.000000
0.728881 0.048445 -0.682925 -0.802330 0.000271 0.997473 0.071048 97.229950 0.684641 -0.051970 0.727026 0.375012 0.000000 0.000000 0.000000 1.000000
0.729049 0.047839 -0.682788 -0.806435 0.000296 0.997532 0.070208 97.211731 0.684462 -0.051387 0.727235 0.320396 0.000000 0.000000 0.000000 1.000000
0.729217 0.047189 -0.682654 -0.811454 0.000367 0.997592 0.069351 97.194489 0.684283 -0.050823 0.727444 0.265766 0.000000 0.000000 0.000000 1.000000
0.729325 0.046525 -0.682583 -0.818145 0.000437 0.997653 0.068467 97.177116 0.684167 -0.050233 0.727593 0.212373 0.000000 0.000000 0.000000 1.000000
0.729356 0.045886 -0.682593 -0.825995 0.000463 0.997715 0.067564 97.157494 0.684134 -0.049594 0.727669 0.162220 0.000000 0.000000 0.000000 1.000000
0.729324 0.045324 -0.682665 -0.834557 0.000466 0.997770 0.066743 97.134460 0.684168 -0.048996 0.727677 0.117358 0.000000 0.000000 0.000000 1.000000
0.729238 0.044864 -0.682788 -0.844385 0.000510 0.997812 0.066108 97.108772 0.684260 -0.048557 0.727620 0.078664 0.000000 0.000000 0.000000 1.000000
0.729101 0.044465 -0.682960 -0.856657 0.000624 0.997844 0.065632 97.082367 0.684406 -0.048279 0.727501 0.045873 0.000000 0.000000 0.000000 1.000000
0.728941 0.044060 -0.683157 -0.871879 0.000776 0.997873 0.065185 97.057510 0.684576 -0.048046 0.727356 0.018697 0.000000 0.000000 0.000000 1.000000
0.728825 0.043617 -0.683310 -0.889881 0.000916 0.997906 0.064675 97.036018 0.684700 -0.047763 0.727259 -0.002821 0.000000 0.000000 0.000000 1.000000
0.728822 0.043142 -0.683343 -0.910531 0.001039 0.997942 0.064112 97.018417 0.684703 -0.047436 0.727277 -0.019320 0.000000 0.000000 0.000000 1.000000
0.728921 0.042665 -0.683267 -0.933510 0.001155 0.997978 0.063548 97.003609 0.684597 -0.047110 0.727398 -0.032304 0.000000 0.000000 0.000000 1.000000
0.729016 0.042221 -0.683193 -0.957709 0.001260 0.998011 0.063021 96.989395 0.684496 -0.046805 0.727513 -0.043275 0.000000 0.000000 0.000000 1.000000
0.728973 0.041856 -0.683262 -0.982297 0.001342 0.998040 0.062570 96.974617 0.684541 -0.046529 0.727488 -0.052643 0.000000 0.000000 0.000000 1.000000
0.728729 0.041589 -0.683538 -1.008051 0.001415 0.998061 0.062234 96.960365 0.684801 -0.046319 0.727257 -0.059821 0.000000 0.000000 0.000000 1.000000
0.728318 0.041391 -0.683988 -1.037004 0.001506 0.998075 0.062002 96.949097 0.685237 -0.046187 0.726854 -0.063725 0.000000 0.000000 0.000000 1.000000
0.727839 0.041233 -0.684508 -1.070808 0.001589 0.998087 0.061811 96.942024 0.685747 -0.046076 0.726380 -0.063041 0.000000 0.000000 0.000000 1.000000
0.727399 0.041150 -0.684979 -1.108645 0.001588 0.998097 0.061646 96.937172 0.686212 -0.045929 0.725950 -0.056656 0.000000 0.000000 0.000000 1.000000
0.727072 0.041228 -0.685322 -1.147276 0.001470 0.998100 0.061603 96.931076 0.686559 -0.045797 0.725630 -0.044225 0.000000 0.000000 0.000000 1.000000
0.726882 0.041489 -0.685508 -1.183233 0.001311 0.998088 0.061797 96.922409 0.686761 -0.045818 0.725438 -0.026162 0.000000 0.000000 0.000000 1.000000
0.726843 0.041846 -0.685528 -1.215133 0.001230 0.998061 0.062228 96.914139 0.686803 -0.046073 0.725382 -0.003175 0.000000 0.000000 0.000000 1.000000
0.726982 0.042170 -0.685360 -1.244633 0.001289 0.998027 0.062776 96.912323 0.686655 -0.046521 0.725493 0.023852 0.000000 0.000000 0.000000 1.000000
0.727295 0.042378 -0.685016 -1.273716 0.001456 0.997994 0.063286 96.921928 0.686324 -0.047025 0.725774 0.053730 0.000000 0.000000 0.000000 1.000000
0.727692 0.042465 -0.684588 -1.301857 0.001634 0.997972 0.063641 96.942856 0.685902 -0.047430 0.726146 0.085205 0.000000 0.000000 0.000000 1.000000
0.728033 0.042511 -0.684223 -1.325856 0.001719 0.997959 0.063834 96.969055 0.685540 -0.047650 0.726474 0.117114 0.000000 0.000000 0.000000 1.000000
0.728166 0.042652 -0.684072 -1.342777 0.001682 0.997948 0.064013 96.992523 0.685398 -0.047763 0.726600 0.148613 0.000000 0.000000 0.000000 1.000000
0.728047 0.042984 -0.684178 -1.352860 0.001616 0.997922 0.064414 97.008385 0.685525 -0.048002 0.726465 0.179853 0.000000 0.000000 0.000000 1.000000
0.727839 0.043499 -0.684368 -1.359861 0.001637 0.997873 0.065166 97.018181 0.685747 -0.048551 0.726219 0.213215 0.000000 0.000000 0.000000 1.000000
0.727842 0.044084 -0.684326 -1.368897 0.001767 0.997808 0.066158 97.028778 0.685742 -0.049362 0.726169 0.252746 0.000000 0.000000 0.000000 1.000000
0.728208 0.044595 -0.683904 -1.382849 0.001945 0.997742 0.067130 97.048416 0.685354 -0.050214 0.726477 0.300781 0.000000 0.000000 0.000000 1.000000
0.728752 0.044952 -0.683300 -1.400674 0.002123 0.997690 0.067898 97.080757 0.684774 -0.050932 0.726973 0.355495 0.000000 0.000000 0.000000 1.000000
0.729157 0.045209 -0.682852 -1.418522 0.002280 0.997649 0.068486 97.122231 0.684343 -0.051494 0.727340 0.412686 0.000000 0.000000 0.000000 1.000000
0.729271 0.045496 -0.682710 -1.432411 0.002386 0.997612 0.069030 97.164299 0.684220 -0.051970 0.727421 0.469425 0.000000 0.000000 0.000000 1.000000
0.729182 0.045882 -0.682780 -1.440428 0.002431 0.997570 0.069632 97.199799 0.684315 -0.052434 0.727299 0.524948 0.000000 0.000000 0.000000 1.000000
0.729072 0.046340 -0.682867 -1.443286 0.002440 0.997523 0.070299 97.227219 0.684433 -0.052919 0.727153 0.579090 0.000000 0.000000 0.000000 1.000000
0.729088 0.046811 -0.682818 -1.443509 0.002430 0.997475 0.070977 97.249542 0.684416 -0.053408 0.727133 0.631074 0.000000 0.000000 0.000000 1.000000
0.729247 0.047234 -0.682618 -1.443059 0.002398 0.997432 0.071579 97.270493 0.684246 -0.053836 0.727261 0.680261 0.000000 0.000000 0.000000 1.000000
0.729391 0.047536 -0.682444 -1.441703 0.002370 0.997401 0.072008 97.292023 0.684093 -0.054140 0.727383 0.726627 0.000000 0.000000 0.000000 1.000000
0.729298 0.047680 -0.682533 -1.437764 0.002388 0.997385 0.072226 97.314163 0.684192 -0.054304 0.727277 0.770389 0.000000 0.000000 0.000000 1.000000
0.728915 0.047731 -0.682938 -1.430329 0.002433 0.997380 0.072305 97.335876 0.684600 -0.054365 0.726889 0.811378 0.000000 0.000000 0.000000 1.000000
0.728416 0.047819 -0.683464 -1.420585 0.002431 0.997375 0.072372 97.356087 0.685131 -0.054378 0.726388 0.848807 0.000000 0.000000 0.000000 1.000000
0.728038 0.048002 -0.683854 -1.410531 0.002336 0.997366 0.072496 97.373756 0.685533 -0.054377 0.726008 0.881512 0.000000 0.000000 0.000000 1.000000
0.727895 0.048231 -0.683990 -1.400872 0.002179 0.997355 0.072646 97.387306 0.685685 -0.054369 0.725865 0.908425 0.000000 0.000000 0.000000 1.000000
0.727929 0.048421 -0.683940 -1.390682 0.002025 0.997347 0.072765 97.395393 0.685649 -0.054353 0.725900 0.929258 0.000000 0.000000 0.000000 1.000000
0.727991 0.048539 -0.683866 -1.378656 0.001930 0.997342 0.072843 97.397636 0.685584 -0.054349 0.725962 0.943894 0.000000 0.000000 0.000000 1.000000
0.727998 0.048599 -0.683855 -1.364286 0.001908 0.997337 0.072909 97.395691 0.685577 -0.054382 0.725966 0.951921 0.000000 0.000000 0.000000 1.000000
0.728048 0.048637 -0.683798 -1.347698 0.001922 0.997331 0.072984 97.391190 0.685523 -0.054450 0.726012 0.952530 0.000000 0.000000 0.000000 1.000000
0.728295 0.048658 -0.683534 -1.328961 0.001920 0.997327 0.073042 97.384743 0.685261 -0.054509 0.726255 0.944971 0.000000 0.000000 0.000000 1.000000
0.728709 0.048628 -0.683095 -1.308187 0.001887 0.997329 0.073011 97.377548 0.684821 -0.054492 0.726671 0.929179 0.000000 0.000000 0.000000 1.000000
0.729032 0.048505 -0.682759 -1.285879 0.001852 0.997343 0.072831 97.372231 0.684477 -0.054361 0.727005 0.905875 0.000000 0.000000 0.000000 1.000000
0.729020 0.048298 -0.682786 -1.262506 0.001842 0.997365 0.072517 97.371109 0.684490 -0.054124 0.727011 0.875978 0.000000 0.000000 0.000000 1.000000
0.728658 0.048058 -0.683189 -1.238189 0.001852 0.997393 0.072136 97.373390 0.684875 -0.053828 0.726670 0.839838 0.000000 0.000000 0.000000 1.000000
0.728157 0.047836 -0.683739 -1.213042 0.001850 0.997421 0.071752 97.374985 0.685408 -0.053511 0.726191 0.798026 0.000000 0.000000 0.000000 1.000000
0.727796 0.047641 -0.684137 -1.187915 0.001816 0.997447 0.071391 97.371117 0.685791 -0.053200 0.725852 0.752338 0.000000 0.000000 0.000000 1.000000
0.727728 0.047443 -0.684223 -1.163737 0.001781 0.997471 0.071057 97.359428 0.685863 -0.052929 0.725803 0.705309 0.000000 0.000000 0.000000 1.000000
0.727915 0.047188 -0.684042 -1.140596 0.001815 0.997493 0.070743 97.340790 0.685666 -0.052736 0.726004 0.657969 0.000000 0.000000 0.000000 1.000000
0.728224 0.046872 -0.683734 -1.117947 0.001936 0.997514 0.070444 97.317612 0.685336 -0.052623 0.726323 0.609724 0.000000 0.000000 0.000000 1.000000
0.728545 0.046575 -0.683413 -1.095942 0.002071 0.997532 0.070190 97.292084 0.684995 -0.052552 0.726650 0.560797 0.000000 0.000000 0.000000 1.000000
0.728761 0.046382 -0.683196 -1.075875 0.002142 0.997544 0.070007 97.266159 0.684765 -0.052482 0.726871 0.513662 0.000000 0.000000 0.000000 1.000000
0.728714 0.046261 -0.683254 -1.059598 0.002172 0.997555 0.069857 97.242622 0.684815 -0.052390 0.726832 0.470333 0.000000 0.000000 0.000000 1.000000
0.728355 0.046093 -0.683648 -1.048646 0.002236 0.997570 0.069641 97.224457 0.685196 -0.052252 0.726482 0.429674 0.000000 0.000000 0.000000 1.000000
0.727866 0.045817 -0.684187 -1.044045 0.002331 0.997594 0.069284 97.212280 0.685715 -0.052024 0.726009 0.388636 0.000000 0.000000 0.000000 1.000000
0.727550 0.045506 -0.684544 -1.045796 0.002336 0.997628 0.068802 97.201996 0.686051 -0.051656 0.725717 0.346183 0.000000 0.000000 0.000000 1.000000
0.727577 0.045309 -0.684528 -1.051808 0.002112 0.997664 0.068280 97.186287 0.686023 -0.051125 0.725782 0.304444 0.000000 0.000000 0.000000 1.000000
0.727894 0.045319 -0.684190 -1.057336 0.001639 0.997696 0.067829 97.160622 0.685687 -0.050493 0.726143 0.265532 0.000000 0.000000 0.000000 1.000000
0.728335 0.045473 -0.683710 -1.056895 0.001080 0.997718 0.067508 97.127426 0.685220 -0.049907 0.726624 0.228447 0.000000 0.000000 0.000000 1.000000
0.728783 0.045598 -0.683225 -1.048358 0.000656 0.997733 0.067287 97.094513 0.684745 -0.049486 0.727101 0.190637 0.000000 0.000000 0.000000 1.000000
0.729226 0.045553 -0.682755 -1.034369 0.000449 0.997750 0.067048 97.069427 0.684272 -0.049200 0.727565 0.151679 0.000000 0.000000 0.000000 1.000000
0.729662 0.045314 -0.682305 -1.018815 0.000352 0.997777 0.066642 97.054474 0.683808 -0.048867 0.728024 0.114041 0.000000 0.000000 0.000000 1.000000
0.729978 0.044942 -0.681991 -1.002856 0.000208 0.997821 0.065978 97.046036 0.683470 -0.048304 0.728378 0.080425 0.000000 0.000000 0.000000 1.000000
0.729996 0.044542 -0.681998 -0.984406 -0.000049 0.997877 0.065119 97.036613 0.683451 -0.047503 0.728449 0.051711 0.000000 0.000000 0.000000 1.000000
0.729650 0.044222 -0.682389 -0.962319 -0.000353 0.997931 0.064294 97.020203 0.683820 -0.046672 0.728156 0.027404 0.000000 0.000000 0.000000 1.000000
0.729104 0.044063 -0.682983 -0.939049 -0.000591 0.997966 0.063753 96.996803 0.684403 -0.046079 0.727647 0.007273 0.000000 0.000000 0.000000 1.000000
0.728660 0.044088 -0.683455 -0.919557 -0.000733 0.997975 0.063595 96.972321 0.684876 -0.045838 0.727217 -0.007845 0.000000 0.000000 0.000000 1.000000
0.728512 0.044272 -0.683601 -0.907577 -0.000857 0.997968 0.063717 96.953812 0.685032 -0.045833 0.727070 -0.016717 0.000000 0.000000 0.000000 1.000000
0.728567 0.044517 -0.683527 -0.902282 -0.001026 0.997956 0.063901 96.943970 0.684974 -0.045855 0.727123 -0.018794 0.000000 0.000000 0.000000 1.000000
0.728529 0.044678 -0.683556 -0.899736 -0.001194 0.997952 0.063955 96.940720 0.685014 -0.045777 0.727091 -0.014341 0.000000 0.000000 0.000000 1.000000
0.728156 0.044670 -0.683954 -0.896910 -0.001280 0.997961 0.063815 96.939865 0.685410 -0.045592 0.726728 -0.003657 0.000000 0.000000 0.000000 1.000000
0.727439 0.044536 -0.684725 -0.893659 -0.001277 0.997978 0.063553 96.940315 0.686171 -0.045357 0.726025 0.013761 0.000000 0.000000 0.000000 1.000000
0.726595 0.044373 -0.685632 -0.891656 -0.001233 0.997995 0.063283 96.943222 0.687065 -0.045136 0.725193 0.038910 0.000000 0.000000 0.000000 1.000000
0.725929 0.044233 -0.686346 -0.892432 -0.001168 0.998008 0.063084 96.949188 0.687769 -0.044993 0.724534 0.072042 0.000000 0.000000 0.000000 1.000000
