<?xml version="1.0" encoding="utf-8"?>
<COLLADA xmlns="http://www.collada.org/2005/11/COLLADASchema" version="1.4.1">
  <asset>
    <contributor>
      <author>Mixamo</author>
      <authoring_tool>COLLADA Mixamo exporter</authoring_tool>
      <comments/>
    </contributor>
    <created>2023-03-14T04:42:27Z</created>
    <modified>2023-03-14T04:42:27Z</modified>
    <revision/>
    <title/>
    <unit meter="0.010000"/>
    <up_axis>Y_UP</up_axis>
  </asset>
  <library_animations>
    <animation id="mixamorig_Hips-anim" name="mixamorig_Hips">
      <source id="mixamorig_Hips-Matrix-animation-input">
        <float_array id="mixamorig_Hips-Matrix-animation-input-array" count="30">

0.000000 0.033333 0.066667 0.100000 0.133333 0.166667 0.200000 0.233333 0.266667 0.300000 0.333333 0.366667 0.400000 0.433333 0.466667 0.500000
0.533333 0.566667 0.600000 0.633333 0.666667 0.700000 0.733333 0.766667 0.800000 0.833333 0.866667 0.900000 0.933333 0.966667</float_array>
        <technique_common>
          <accessor source="#mixamorig_Hips-Matrix-animation-input-array" count="30">
            <param name="TIME" type="float"/>
          </accessor>
        </technique_common>
      </source>
      <source id="mixamorig_Hips-Matrix-animation-output-transform">
        <float_array id="mixamorig_Hips-Matrix-animation-output-transform-array" count="480">

0.565946 -0.131708 -0.813853 -0.858777 -0.018119 0.984931 -0.171994 88.125687 0.824243 0.112086 0.555032 0.688918 0.000000 0.000000 0.000000 1.000000
0.578809 -0.152861 -0.801008 0.186175 0.011224 0.983674 -0.179609 85.249916 0.815386 0.094969 0.571075 0.725408 0.000000 0.000000 0.000000 1.000000
0.592231 -0.156425 -0.790439 0.916202 0.031587 0.984728 -0.171208 83.391296 0.805149 0.076427 0.588128 1.007513 0.000000 0.000000 0.000000 1.000000
0.607827 -0.103761 -0.787261 0.662502 0.022725 0.993293 -0.113371 84.341728 0.793744 0.051020 0.606108 2.006184 0.000000 0.000000 0.000000 1.000000
0.631964 -0.030797 -0.774385 -0.767084 0.001269 0.999250 -0.038705 88.410759 0.774996 0.023477 0.631529 3.411026 0.000000 0.000000 0.000000 1.000000
0.662951 0.043110 -0.747420 -3.306385 -0.022577 0.999038 0.037598 95.429169 0.748322 -0.008051 0.663287 4.927458 0.000000 0.000000 0.000000 1.000000
0.694797 0.066689 -0.716108 -6.187484 -0.034384 0.997633 0.059546 104.781883 0.718384 -0.016750 0.695445 6.686203 0.000000 0.000000 0.000000 1.000000
0.744508 0.016792 -0.667402 -6.914358 -0.018651 0.999817 0.004349 114.055214 0.667353 0.009210 0.744685 7.470962 0.000000 0.000000 0.000000 1.000000
0.771365 -0.006283 -0.636362 -5.675664 -0.022370 0.999066 -0.036980 120.233627 0.636000 0.042760 0.770503 6.556423 0.000000 0.000000 0.000000 1.000000
0.733289 -0.035821 -0.678973 -4.476208 -0.004370 0.998342 -0.057390 126.274330 0.679903 0.045050 0.731917 5.205168 0.000000 0.000000 0.000000 1.000000
0.706625 -0.076816 -0.703407 -2.109159 0.006555 0.994758 -0.102048 132.685989 0.707558 0.067499 0.703424 3.688212 0.000000 0.000000 0.000000 1.000000
0.712536 -0.136090 -0.688311 0.788835 0.007249 0.982385 -0.186729 137.021545 0.701598 0.128061 0.700971 2.845998 0.000000 0.000000 0.000000 1.000000
0.710894 -0.124799 -0.692138 1.930842 0.000553 0.984229 -0.176897 138.566315 0.703299 0.125372 0.699751 2.682143 0.000000 0.000000 0.000000 1.000000
0.705543 -0.090358 -0.702883 2.348045 -0.005419 0.991121 -0.132852 139.216782 0.708646 0.097542 0.698789 2.788479 0.000000 0.000000 0.000000 1.000000
0.696293 -0.081520 -0.713114 2.825791 -0.004540 0.993009 -0.117950 139.858765 0.717744 0.085366 0.691055 2.728023 0.000000 0.000000 0.000000 1.000000
0.678384 -0.140499 -0.721149 3.441403 0.009974 0.983216 -0.182174 139.964035 0.734640 0.116391 0.668399 2.394047 0.000000 0.000000 0.000000 1.000000
0.655969 -0.184723 -0.731835 3.572107 0.016649 0.972895 -0.230645 138.795181 0.754604 0.139112 0.641265 2.284968 0.000000 0.000000 0.000000 1.000000
0.638390 -0.183824 -0.747441 3.238922 0.010862 0.973118 -0.230050 136.170822 0.769637 0.138743 0.623225 2.431389 0.000000 0.000000 0.000000 1.000000
0.617386 -0.170519 -0.767957 2.544281 0.006833 0.977350 -0.211519 132.129532 0.786630 0.125341 0.604568 2.326510 0.000000 0.000000 0.000000 1.000000
0.602840 -0.140074 -0.785470 1.607606 -0.004139 0.983906 -0.178638 126.583687 0.797851 0.110942 0.592559 2.078332 0.000000 0.000000 0.000000 1.000000
0.589385 -0.104271 -0.801095 0.677331 -0.018908 0.989583 -0.142716 120.020210 0.807631 0.099262 0.581274 2.083722 0.000000 0.000000 0.000000 1.000000
0.582683 -0.075696 -0.809166 0.112327 -0.033792 0.992535 -0.117184 112.266045 0.811996 0.095625 0.575776 2.300354 0.000000 0.000000 0.000000 1.000000
0.577352 -0.053014 -0.814773 -0.351700 -0.046073 0.994185 -0.097335 104.448845 0.815195 0.093736 0.571552 2.401414 0.000000 0.000000 0.000000 1.000000
0.579335 -0.046573 -0.813758 -0.372169 -0.050971 0.994342 -0.093195 96.484711 0.813494 0.095469 0.573683 2.073398 0.000000 0.000000 0.000000 1.000000
0.577724 -0.053495 -0.814477 -0.033078 -0.049044 0.993772 -0.100058 91.097580 0.814757 0.097751 0.571503 1.840028 0.000000 0.000000 0.000000 1.000000
0.575200 -0.070256 -0.814990 0.378963 -0.042615 0.992378 -0.115624 88.855110 0.816902 0.101238 0.567822 1.589081 0.000000 0.000000 0.000000 1.000000
0.572175 -0.090788 -0.815091 0.324851 -0.034449 0.990316 -0.134488 88.063202 0.819408 0.105030 0.563507 1.297450 0.000000 0.000000 0.000000 1.000000
0.569167 -0.110705 -0.814735 -0.048862 -0.026505 0.987909 -0.152751 87.879669 0.821795 0.108535 0.559351 1.012046 0.000000 0.000000 0.000000 1.000000
0.566841 -0.125753 -0.814173 -0.517595 -0.020500 0.985822 -0.166537 88.001038 0.823572 0.111090 0.556227 0.790578 0.000000 0.000000 0.000000 1.000000
0.565947 -0.131709 -0.813853 -0.857339 -0.018119 0.984931 -0.171994 88.125679 0.824243 0.112085 0.555032 0.691473 0.000000 0.000000 0.000000 1.000000</float_array>
        <technique_common>
          <accessor source="#mixamorig_Hips-Matrix-animation-output-transform-array" count="30" stride="16">
            <param type="float4x4"/>
          </accessor>
        </technique_common>
      </source>
      <source id="mixamorig_Hips-Interpolations">
        <Name_array id="mixamorig_Hips-Interpolations-array" count="30">
 LINEAR LINEAR LINEAR LINEAR LINEAR LINEAR LINEAR LINEAR LINEAR LINEAR LINEAR
LINEAR LINEAR LINEAR LINEAR LINEAR LINEAR LINEAR LINEAR LINEAR LINEAR LINEAR LINEAR
LINEAR LINEAR LINEAR LINEAR LINEAR LINEAR LINEAR</Name_array>
        <technique_common>
          <accessor source="#mixamorig_Hips-Interpolations-array" count="30">
            <param type="name"/>
          </accessor>
        </technique_common>
      </source>
      <sampler id="mixamorig_Hips-Matrix-animation-transform">
        <input semantic="INPUT" source="#mixamorig_Hips-Matrix-animation-input"/>
        <input semantic="OUTPUT" source="#mixamorig_Hips-Matrix-animation-output-transform"/>
        <input semantic="INTERPOLATION" source="#mixamorig_Hips-Interpolations"/>
      </sampler>
      <channel source="#mixamorig_Hips-Matrix-animation-transform" target="mixamorig_Hips/matrix"/>
    </animation>
    <animation id="mixamorig_Spine-anim" name="mixamorig_Spine">
      <source id="mixamorig_Spine-Matrix-animation-input">
        <float_array id="mixamorig_Spine-Matrix-animation-input-array" count="30">

0.000000 0.033333 0.066667 0.100000 0.133333 0.166667 0.200000 0.233333 0.266667 0.300000 0.333333 0.366667 0.400000 0.433333 0.466667 0.500000
0.533333 0.566667 0.600000 0.633333 0.666667 0.700000 0.733333 0.766667 0.800000 0.833333 0.866667 0.900000 0.933333 0.966667</float_array>
        <technique_common>
          <accessor source="#mixamorig_Spine-Matrix-animation-input-array" count="30">
            <param name="TIME" type="float"/>
          </accessor>
        </technique_common>
      </source>
      <source id="mixamorig_Spine-Matrix-animation-output-transform">
        <float_array id="mixamorig_Spine-Matrix-animation-output-transform-array" count="480">

0.996749 0.041060 0.069328 -0.000000 -0.043323 0.998566 0.031462 10.182400 -0.067937 -0.034364 0.997098 -0.000000 0.000000 0.000000 0.000000 1.000000
0.995555 0.061636 0.071206 -0.000000 -0.062188 0.998049 0.005553 10.182400 -0.070725 -0.009957 0.997446 0.000000 0.000000 0.000000 0.000000 1.000000
0.994258 0.086014 0.063656 0.000000 -0.083058 0.995402 -0.047711 10.182400 -0.067467 0.042150 0.996831 0.000000 0.000000 0.000000 0.000000 1.000000
0.994172 0.084306 0.067197 0.000000 -0.078473 0.993271 -0.085179 10.182400 -0.073926 0.079410 0.994097 0.000000 0.000000 0.000000 0.000000 1.000000
0.996058 0.073956 0.048971 -0.000000 -0.068555 0.992208 -0.104039 10.182400 -0.056283 0.100272 0.993367 -0.000000 0.000000 0.000000 0.000000 1.000000
0.997900 0.062198 0.018060 -0.000000 -0.059662 0.991291 -0.117398 10.182400 -0.025205 0.116074 0.992921 0.000000 0.000000 0.000000 0.000000 1.000000
0.998411 0.056316 -0.001753 0.000000 -0.056258 0.994723 -0.085801 10.182400 -0.003088 0.085763 0.996311 0.000000 0.000000 0.000000 0.000000 1.000000
0.998327 0.054231 -0.020067 0.000000 -0.055159 0.997275 -0.048990 10.182400 0.017356 0.050015 0.998598 0.000000 0.000000 0.000000 0.000000 1.000000
0.999645 0.024411 -0.010708 0.000000 -0.025285 0.995531 -0.090983 10.182400 0.008439 0.091222 0.995795 0.000000 0.000000 0.000000 0.000000 1.000000
0.998184 0.055725 0.022865 0.000000 -0.051153 0.984680 -0.166701 10.182400 -0.031804 0.165229 0.985742 0.000000 0.000000 0.000000 0.000000 1.000000
0.997650 0.065772 0.019184 0.000000 -0.058511 0.963596 -0.260880 10.182400 -0.035644 0.259145 0.965181 0.000000 0.000000 0.000000 0.000000 1.000000
0.999197 0.039955 0.002921 0.000000 -0.036450 0.936936 -0.347594 10.182400 -0.016625 0.347209 0.937640 0.000000 0.000000 0.000000 0.000000 1.000000
0.999663 0.023789 -0.010346 0.000000 -0.025922 0.900621 -0.433832 10.182400 -0.001003 0.433954 0.900934 0.000000 0.000000 0.000000 0.000000 1.000000
0.999384 0.033961 -0.008834 0.000000 -0.033804 0.864196 -0.502019 10.182400 -0.009415 0.502008 0.864812 0.000000 0.000000 0.000000 0.000000 1.000000
0.999616 0.027693 0.000741 -0.000000 -0.023635 0.866455 -0.498696 10.182400 -0.014453 0.498487 0.866777 0.000000 0.000000 0.000000 0.000000 1.000000
0.999183 0.035727 0.018891 0.000000 -0.025322 0.917752 -0.396345 10.182400 -0.031498 0.395543 0.917907 0.000000 0.000000 0.000000 0.000000 1.000000
0.998400 0.044751 0.034555 0.000000 -0.032780 0.956125 -0.291118 10.182400 -0.046067 0.289520 0.956063 -0.000000 0.000000 0.000000 0.000000 1.000000
0.998099 0.044501 0.042632 0.000000 -0.033831 0.973882 -0.224519 10.182400 -0.051509 0.222650 0.973537 0.000000 0.000000 0.000000 0.000000 1.000000
0.996999 0.054647 0.054828 0.000000 -0.044792 0.984914 -0.167149 10.182400 -0.063136 0.164192 0.984406 0.000000 0.000000 0.000000 0.000000 1.000000
0.996573 0.057409 0.059545 0.000000 -0.050429 0.992344 -0.112742 10.182400 -0.065562 0.109353 0.991839 -0.000000 0.000000 0.000000 0.000000 1.000000
0.996712 0.052886 0.061390 0.000000 -0.048503 0.996310 -0.070803 10.182400 -0.064908 0.067593 0.995599 0.000000 0.000000 0.000000 0.000000 1.000000
0.996551 0.042395 0.071338 -0.000000 -0.040303 0.998722 -0.030509 10.182400 -0.072540 0.027529 0.996986 -0.000000 0.000000 0.000000 0.000000 1.000000
0.996408 0.031736 0.078505 0.000000 -0.032257 0.999465 0.005382 10.182400 -0.078293 -0.007895 0.996899 0.000000 0.000000 0.000000 0.000000 1.000000
0.997131 0.025588 0.071242 -0.000000 -0.027182 0.999399 0.021497 10.182400 -0.070649 -0.023372 0.997227 0.000000 0.000000 0.000000 0.000000 1.000000
0.997684 0.034150 0.058821 -0.000000 -0.033792 0.999404 -0.007063 10.182400 -0.059027 0.005059 0.998244 0.000000 0.000000 0.000000 0.000000 1.000000
0.997729 0.040426 0.053872 -0.000000 -0.039879 0.999142 -0.011180 10.182400 -0.054278 0.009006 0.998485 -0.000000 0.000000 0.000000 0.000000 1.000000
0.997503 0.042329 0.056525 -0.000000 -0.042317 0.999103 -0.001417 10.182400 -0.056535 -0.000978 0.998400 0.000000 0.000000 0.000000 0.000000 1.000000
0.997187 0.042348 0.061838 -0.000000 -0.043225 0.998982 0.012905 10.182400 -0.061228 -0.015541 0.998003 0.000000 0.000000 0.000000 0.000000 1.000000
0.996884 0.041568 0.067034 0.000000 -0.043382 0.998724 0.025844 10.182400 -0.065874 -0.028671 0.997416 0.000000 0.000000 0.000000 0.000000 1.000000
0.996749 0.041061 0.069328 -0.000000 -0.043324 0.998566 0.031462 10.182400 -0.067937 -0.034363 0.997098 0.000000 0.000000 0.000000 0.000000 1.000000</float_array>
        <technique_common>
          <accessor source="#mixamorig_Spine-Matrix-animation-output-transform-array" count="30" stride="16">
            <param type="float4x4"/>
          </accessor>
        </technique_common>
      </source>
      <source id="mixamorig_Spine-Interpolations">
        <Name_array id="mixamorig_Spine-Interpolations-array" count="30">
 LINEAR LINEAR LINEAR LINEAR LINEAR LINEAR LINEAR LINEAR LINEAR LINEAR LINEAR
LINEAR LINEAR LINEAR LINEAR LINEAR LINEAR LINEAR LINEAR LINEAR LINEAR LINEAR LINEAR
LINEAR LINEAR LINEAR LINEAR LINEAR LINEAR LINEAR</Name_array>
        <technique_common>
          <accessor source="#mixamorig_Spine-Interpolations-array" count="30">
            <param type="name"/>
          </accessor>
        </technique_common>
      </source>
      <sampler id="mixamorig_Spine-Matrix-animation-transform">
        <input semantic="INPUT" source="#mixamorig_Spine-Matrix-animation-input"/>
        <input semantic="OUTPUT" source="#mixamorig_Spine-Matrix-animation-output-transform"/>
        <input semantic="INTERPOLATION" source="#mixamorig_Spine-Interpolations"/>
      </sampler>
      <channel source="#mixamorig_Spine-Matrix-animation-transform" target="mixamorig_Spine/matrix"/>
    </animation>
    <animation id="mixamorig_Spine1-anim" name="mixamorig_Spine1">
      <source id="mixamorig_Spine1-Matrix-animation-input">
        <float_array id="mixamorig_Spine1-Matrix-animation-input-array" count="30">

0.000000 0.033333 0.066667 0.100000 0.133333 0.166667 0.200000 0.233333 0.266667 0.300000 0.333333 0.366667 0.400000 0.433333 0.466667 0.500000
0.533333 0.566667 0.600000 0.633333 0.666667 0.700000 0.733333 0.766667 0.800000 0.833333 0.866667 0.900000 0.933333 0.966667</float_array>
        <technique_common>
          <accessor source="#mixamorig_Spine1-Matrix-animation-input-array" count="30">
            <param name="TIME" type="float"/>
          </accessor>
        </technique_common>
      </source>
      <source id="mixamorig_Spine1-Matrix-animation-output-transform">
        <float_array id="mixamorig_Spine1-Matrix-animation-output-transform-array" count="480">

0.998874 -0.043670 0.018549 0.000000 0.044061 0.998804 -0.021198 10.002700 -0.017601 0.021991 0.999603 0.000000 0.000000 0.000000 0.000000 1.000000
0.999133 -0.036372 0.020249 -0.000000 0.036719 0.999181 -0.017010 10.002700 -0.019614 0.017739 0.999650 0.000000 0.000000 0.000000 0.000000 1.000000
0.999415 -0.027832 0.019867 -0.000000 0.028224 0.999407 -0.019724 10.002700 -0.019306 0.020273 0.999608 0.000000 0.000000 0.000000 0.000000 1.000000
0.999470 -0.024536 0.021417 0.000000 0.024876 0.999567 -0.015742 10.002700 -0.021022 0.016266 0.999647 0.000000 0.000000 0.000000 0.000000 1.000000
0.999640 -0.021089 0.016557 -0.000000 0.021211 0.999749 -0.007228 10.002700 -0.016401 0.007577 0.999837 0.000000 0.000000 0.000000 0.000000 1.000000
0.999823 -0.016945 0.008142 0.000000 0.016921 0.999852 0.002962 10.002700 -0.008191 -0.002824 0.999962 0.000000 0.000000 0.000000 0.000000 1.000000
0.999950 -0.009457 0.003306 0.000000 0.009420 0.999893 0.011170 10.002700 -0.003411 -0.011138 0.999932 0.000000 0.000000 0.000000 0.000000 1.000000
0.999993 -0.002907 -0.002255 0.000000 0.002918 0.999984 0.004846 10.002700 0.002241 -0.004852 0.999986 -0.000000 0.000000 0.000000 0.000000 1.000000
0.999999 -0.000751 -0.001297 0.000000 0.000724 0.999795 -0.020251 10.002700 0.001312 0.020250 0.999794 0.000000 0.000000 0.000000 0.000000 1.000000
0.999971 0.000985 0.007541 0.000000 -0.000653 0.999038 -0.043846 10.002700 -0.007577 0.043840 0.999010 0.000000 0.000000 0.000000 0.000000 1.000000
0.999975 0.001980 0.006774 0.000000 -0.001632 0.998698 -0.050987 10.002700 -0.006866 0.050974 0.998676 0.000000 0.000000 0.000000 0.000000 1.000000
0.999990 0.003461 0.002835 0.000000 -0.003331 0.998984 -0.044942 10.002700 -0.002987 0.044932 0.998986 0.000000 0.000000 0.000000 0.000000 1.000000
0.999987 0.005155 0.000401 -0.000000 -0.005134 0.999138 -0.041191 10.002700 -0.000613 0.041188 0.999151 0.000000 0.000000 0.000000 0.000000 1.000000
0.999993 0.003406 0.001768 0.000000 -0.003317 0.998841 -0.048022 10.002700 -0.001930 0.048016 0.998845 0.000000 0.000000 0.000000 0.000000 1.000000
0.999989 0.003213 0.003282 -0.000000 -0.003022 0.998388 -0.056676 10.002700 -0.003459 0.056666 0.998387 -0.000000 0.000000 0.000000 0.000000 1.000000
0.999962 -0.000154 0.008659 -0.000000 0.000490 0.999247 -0.038800 10.002700 -0.008647 0.038803 0.999209 -0.000000 0.000000 0.000000 0.000000 1.000000
0.999919 -0.000032 0.012746 0.000000 0.000403 0.999576 -0.029121 10.002700 -0.012740 0.029124 0.999495 0.000000 0.000000 0.000000 0.000000 1.000000
0.999898 -0.000490 0.014285 0.000000 0.000895 0.999597 -0.028361 10.002700 -0.014265 0.028371 0.999496 -0.000000 0.000000 0.000000 0.000000 1.000000
0.999853 -0.000028 0.017174 -0.000000 0.000527 0.999578 -0.029038 10.002700 -0.017166 0.029043 0.999431 -0.000000 0.000000 0.000000 0.000000 1.000000
0.999836 0.001157 0.018054 0.000000 -0.000636 0.999583 -0.028855 10.002700 -0.018080 0.028839 0.999421 -0.000000 0.000000 0.000000 0.000000 1.000000
0.999825 0.001287 0.018654 0.000000 -0.000756 0.999595 -0.028450 10.002700 -0.018683 0.028431 0.999421 0.000000 0.000000 0.000000 0.000000 1.000000
0.999774 -0.004204 0.020855 0.000000 0.004740 0.999657 -0.025752 10.002700 -0.020739 0.025845 0.999451 0.000000 0.000000 0.000000 0.000000 1.000000
0.999698 -0.010294 0.022293 0.000000 0.010806 0.999677 -0.022998 10.002700 -0.022049 0.023232 0.999487 0.000000 0.000000 0.000000 0.000000 1.000000
0.999677 -0.015534 0.020090 -0.000000 0.015907 0.999702 -0.018539 10.002700 -0.019796 0.018852 0.999626 0.000000 0.000000 0.000000 0.000000 1.000000
0.999595 -0.023030 0.016709 -0.000000 0.023234 0.999657 -0.012120 10.002700 -0.016424 0.012503 0.999787 0.000000 0.000000 0.000000 0.000000 1.000000
0.999503 -0.027516 0.015369 0.000000 0.027691 0.999553 -0.011248 10.002700 -0.015053 0.011668 0.999819 0.000000 0.000000 0.000000 0.000000 1.000000
0.999337 -0.032798 0.015821 0.000000 0.033013 0.999363 -0.013552 10.002700 -0.015367 0.014065 0.999783 0.000000 0.000000 0.000000 0.000000 1.000000
0.999133 -0.038043 0.016920 0.000000 0.038328 0.999123 -0.016884 10.002700 -0.016262 0.017518 0.999714 0.000000 0.000000 0.000000 0.000000 1.000000
0.998952 -0.042062 0.018038 0.000000 0.042419 0.998902 -0.019883 10.002700 -0.017182 0.020628 0.999640 0.000000 0.000000 0.000000 0.000000 1.000000
0.998874 -0.043670 0.018550 0.000000 0.044061 0.998804 -0.021198 10.002700 -0.017602 0.021991 0.999603 0.000000 0.000000 0.000000 0.000000 1.000000</float_array>
        <technique_common>
          <accessor source="#mixamorig_Spine1-Matrix-animation-output-transform-array" count="30" stride="16">
            <param type="float4x4"/>
          </accessor>
        </technique_common>
      </source>
      <source id="mixamorig_Spine1-Interpolations">
        <Name_array id="mixamorig_Spine1-Interpolations-array" count="30">
 LINEAR LINEAR LINEAR LINEAR LINEAR LINEAR LINEAR LINEAR LINEAR LINEAR LINEAR
LINEAR LINEAR LINEAR LINEAR LINEAR LINEAR LINEAR LINEAR LINEAR LINEAR LINEAR LINEAR
LINEAR LINEAR LINEAR LINEAR LINEAR LINEAR LINEAR</Name_array>
        <technique_common>
          <accessor source="#mixamorig_Spine1-Interpolations-array" count="30">
            <param type="name"/>
          </accessor>
        </technique_common>
      </source>
      <sampler id="mixamorig_Spine1-Matrix-animation-transform">
        <input semantic="INPUT" source="#mixamorig_Spine1-Matrix-animation-input"/>
        <input semantic="OUTPUT" source="#mixamorig_Spine1-Matrix-animation-output-transform"/>
        <input semantic="INTERPOLATION" source="#mixamorig_Spine1-Interpolations"/>
      </sampler>
      <channel source="#mixamorig_Spine1-Matrix-animation-transform" target="mixamorig_Spine1/matrix"/>
    </animation>
    <animation id="mixamorig_Spine2-anim" name="mixamorig_Spine2">
      <source id="mixamorig_Spine2-Matrix-animation-input">
        <float_array id="mixamorig_Spine2-Matrix-animation-input-array" count="30">

0.000000 0.033333 0.066667 0.100000 0.133333 0.166667 0.200000 0.233333 0.266667 0.300000 0.333333 0.366667 0.400000 0.433333 0.466667 0.500000
0.533333 0.566667 0.600000 0.633333 0.666667 0.700000 0.733333 0.766667 0.800000 0.833333 0.866667 0.900000 0.933333 0.966667</float_array>
        <technique_common>
          <accessor source="#mixamorig_Spine2-Matrix-animation-input-array" count="30">
            <param name="TIME" type="float"/>
          </accessor>
        </technique_common>
      </source>
      <source id="mixamorig_Spine2-Matrix-animation-output-transform">
        <float_array id="mixamorig_Spine2-Matrix-animation-output-transform-array" count="480">

0.999578 -0.020828 0.020271 0.000000 0.021419 0.999338 -0.029411 9.322100 -0.019645 0.029833 0.999362 0.000000 0.000000 0.000000 0.000000 1.000000
0.999633 -0.015927 0.021911 -0.000000 0.016518 0.999497 -0.027057 9.322100 -0.021469 0.027409 0.999394 0.000000 0.000000 0.000000 0.000000 1.000000
0.999720 -0.010043 0.021424 0.000000 0.010723 0.999435 -0.031866 9.322100 -0.021092 0.032087 0.999263 0.000000 0.000000 0.000000 0.000000 1.000000
0.999695 -0.009606 0.022761 -0.000000 0.010290 0.999492 -0.030153 9.322100 -0.022460 0.030378 0.999286 0.000000 0.000000 0.000000 0.000000 1.000000
0.999801 -0.009292 0.017646 -0.000000 0.009715 0.999664 -0.024038 9.322100 -0.017417 0.024205 0.999555 -0.000000 0.000000 0.000000 0.000000 1.000000
0.999926 -0.008291 0.008938 -0.000000 0.008435 0.999833 -0.016194 9.322100 -0.008802 0.016269 0.999829 0.000000 0.000000 0.000000 0.000000 1.000000
0.999986 -0.003607 0.003921 0.000000 0.003647 0.999942 -0.010095 9.322100 -0.003885 0.010110 0.999941 0.000000 0.000000 0.000000 0.000000 1.000000
0.999998 0.000472 -0.001939 0.000000 -0.000508 0.999833 -0.018254 9.322100 0.001930 0.018255 0.999831 -0.000000 0.000000 0.000000 0.000000 1.000000
0.999999 0.000795 -0.001258 0.000000 -0.000850 0.998998 -0.044748 9.322100 0.001221 0.044749 0.998998 0.000000 0.000000 0.000000 0.000000 1.000000
0.999972 0.001896 0.007307 -0.000000 -0.001386 0.997601 -0.069213 9.322100 -0.007420 0.069201 0.997575 -0.000000 0.000000 0.000000 0.000000 1.000000
0.999976 0.002474 0.006413 -0.000000 -0.001975 0.997054 -0.076677 9.322100 -0.006584 0.076663 0.997035 0.000000 0.000000 0.000000 0.000000 1.000000
0.999990 0.003659 0.002747 0.000000 -0.003455 0.997493 -0.070681 9.322100 -0.002999 0.070671 0.997495 0.000000 0.000000 0.000000 0.000000 1.000000
0.999986 0.005214 0.000544 0.000000 -0.005166 0.997745 -0.066923 9.322100 -0.000892 0.066919 0.997758 0.000000 0.000000 0.000000 0.000000 1.000000
0.999992 0.003578 0.001759 -0.000000 -0.003438 0.997272 -0.073739 9.322100 -0.002018 0.073733 0.997276 0.000000 0.000000 0.000000 0.000000 1.000000
0.999990 0.003466 0.002982 0.000000 -0.003209 0.996595 -0.082391 9.322100 -0.003257 0.082381 0.996596 0.000000 0.000000 0.000000 0.000000 1.000000
0.999962 0.000504 0.008658 -0.000000 0.000056 0.997916 -0.064526 9.322100 -0.008672 0.064524 0.997878 -0.000000 0.000000 0.000000 0.000000 1.000000
0.999918 0.000800 0.012776 0.000000 -0.000098 0.998495 -0.054843 9.322100 -0.012801 0.054837 0.998413 0.000000 0.000000 0.000000 0.000000 1.000000
0.999898 0.000387 0.014274 -0.000000 0.000386 0.998536 -0.054084 9.322100 -0.014274 0.054084 0.998434 0.000000 0.000000 0.000000 0.000000 1.000000
0.999853 0.001061 0.017106 0.000000 -0.000124 0.998504 -0.054674 9.322100 -0.017138 0.054663 0.998358 0.000000 0.000000 0.000000 0.000000 1.000000
0.999834 0.002857 0.017987 0.000000 -0.001883 0.998541 -0.053960 9.322100 -0.018115 0.053917 0.998381 -0.000000 0.000000 0.000000 0.000000 1.000000
0.999817 0.004192 0.018654 0.000000 -0.003207 0.998614 -0.052536 9.322100 -0.018848 0.052467 0.998445 -0.000000 0.000000 0.000000 0.000000 1.000000
0.999780 0.000359 0.020950 0.000000 0.000659 0.998821 -0.048540 9.322100 -0.020943 0.048543 0.998602 0.000000 0.000000 0.000000 0.000000 1.000000
0.999739 -0.003891 0.022508 0.000000 0.004886 0.999005 -0.044324 9.322100 -0.022313 0.044422 0.998764 0.000000 0.000000 0.000000 0.000000 1.000000
0.999765 -0.007046 0.020518 -0.000000 0.007823 0.999245 -0.038067 9.322100 -0.020235 0.038219 0.999065 -0.000000 0.000000 0.000000 0.000000 1.000000
0.999773 -0.012266 0.017396 0.000000 0.012780 0.999476 -0.029745 9.322100 -0.017022 0.029961 0.999406 0.000000 0.000000 0.000000 0.000000 1.000000
0.999765 -0.014269 0.016302 -0.000000 0.014704 0.999531 -0.026873 9.322100 -0.015911 0.027106 0.999506 0.000000 0.000000 0.000000 0.000000 1.000000
0.999720 -0.016449 0.017019 0.000000 0.016901 0.999499 -0.026751 9.322100 -0.016570 0.027031 0.999497 -0.000000 0.000000 0.000000 0.000000 1.000000
0.999659 -0.018573 0.018373 0.000000 0.019078 0.999435 -0.027675 9.322100 -0.017848 0.028016 0.999448 0.000000 0.000000 0.000000 0.000000 1.000000
0.999602 -0.020185 0.019683 0.000000 0.020748 0.999369 -0.028831 9.322100 -0.019089 0.029228 0.999390 -0.000000 0.000000 0.000000 0.000000 1.000000
0.999578 -0.020828 0.020271 -0.000000 0.021420 0.999338 -0.029411 9.322100 -0.019645 0.029833 0.999362 0.000000 0.000000 0.000000 0.000000 1.000000</float_array>
        <technique_common>
          <accessor source="#mixamorig_Spine2-Matrix-animation-output-transform-array" count="30" stride="16">
            <param type="float4x4"/>
          </accessor>
        </technique_common>
      </source>
      <source id="mixamorig_Spine2-Interpolations">
        <Name_array id="mixamorig_Spine2-Interpolations-array" count="30">
 LINEAR LINEAR LINEAR LINEAR LINEAR LINEAR LINEAR LINEAR LINEAR LINEAR LINEAR
LINEAR LINEAR LINEAR LINEAR LINEAR LINEAR LINEAR LINEAR LINEAR LINEAR LINEAR LINEAR
LINEAR LINEAR LINEAR LINEAR LINEAR LINEAR LINEAR</Name_array>
        <technique_common>
          <accessor source="#mixamorig_Spine2-Interpolations-array" count="30">
            <param type="name"/>
          </accessor>
        </technique_common>
      </source>
      <sampler id="mixamorig_Spine2-Matrix-animation-transform">
        <input semantic="INPUT" source="#mixamorig_Spine2-Matrix-animation-input"/>
        <input semantic="OUTPUT" source="#mixamorig_Spine2-Matrix-animation-output-transform"/>
        <input semantic="INTERPOLATION" source="#mixamorig_Spine2-Interpolations"/>
      </sampler>
      <channel source="#mixamorig_Spine2-Matrix-animation-transform" target="mixamorig_Spine2/matrix"/>
    </animation>
    <animation id="mixamorig_Neck-anim" name="mixamorig_Neck">
      <source id="mixamorig_Neck-Matrix-animation-input">
        <float_array id="mixamorig_Neck-Matrix-animation-input-array" count="30">

0.000000 0.033333 0.066667 0.100000 0.133333 0.166667 0.200000 0.233333 0.266667 0.300000 0.333333 0.366667 0.400000 0.433333 0.466667 0.500000
0.533333 0.566667 0.600000 0.633333 0.666667 0.700000 0.733333 0.766667 0.800000 0.833333 0.866667 0.900000 0.933333 0.966667</float_array>
        <technique_common>
          <accessor source="#mixamorig_Neck-Matrix-animation-input-array" count="30">
            <param name="TIME" type="float"/>
          </accessor>
        </technique_common>
      </source>
      <source id="mixamorig_Neck-Matrix-animation-output-transform">
        <float_array id="mixamorig_Neck-Matrix-animation-output-transform-array" count="480">

0.985070 0.006144 0.172047 0.000000 -0.012104 0.999362 0.033616 16.865299 -0.171731 -0.035197 0.984515 0.000000 0.000000 0.000000 0.000000 1.000000
0.987329 -0.002584 0.158668 0.000000 -0.010397 0.996666 0.080925 16.865299 -0.158348 -0.081549 0.984010 0.000000 0.000000 0.000000 0.000000 1.000000
0.988944 -0.010205 0.147937 -0.000000 -0.007631 0.992805 0.119498 16.865299 -0.148092 -0.119306 0.981751 0.000000 0.000000 0.000000 0.000000 1.000000
0.989793 -0.012765 0.141943 0.000000 -0.003165 0.993766 0.111443 16.865299 -0.142481 -0.110754 0.983582 0.000000 0.000000 0.000000 0.000000 1.000000
0.990147 -0.005508 0.139923 -0.000000 -0.002150 0.998510 0.054522 16.865299 -0.140015 -0.054285 0.988660 -0.000000 0.000000 0.000000 0.000000 1.000000
0.989738 0.029374 0.139843 0.000000 -0.024915 0.999127 -0.033527 16.865299 -0.140706 0.029699 0.989606 -0.000000 0.000000 0.000000 0.000000 1.000000
0.988636 0.064087 0.135982 0.000000 -0.050939 0.993876 -0.098057 16.865299 -0.141433 0.090016 0.985847 0.000000 0.000000 0.000000 0.000000 1.000000
0.989600 0.074596 0.122990 0.000000 -0.065917 0.995137 -0.073194 16.865299 -0.127852 0.064325 0.989705 0.000000 0.000000 0.000000 0.000000 1.000000
0.990883 0.074194 0.112457 0.000000 -0.073050 0.997226 -0.014264 16.865299 -0.113204 0.005919 0.993554 0.000000 0.000000 0.000000 0.000000 1.000000
0.991473 0.066417 0.112118 -0.000000 -0.071970 0.996335 0.046221 16.865299 -0.108637 -0.053896 0.992619 0.000000 0.000000 0.000000 0.000000 1.000000
0.991703 0.053710 0.116791 0.000000 -0.067063 0.991262 0.113589 16.865299 -0.109669 -0.120479 0.986639 0.000000 0.000000 0.000000 0.000000 1.000000
0.991518 0.043359 0.122523 0.000000 -0.065358 0.981183 0.181680 16.865299 -0.112340 -0.188147 0.975695 0.000000 0.000000 0.000000 0.000000 1.000000
0.991917 0.027709 0.123827 0.000000 -0.054416 0.974466 0.217840 16.865299 -0.114629 -0.222817 0.968097 0.000000 0.000000 0.000000 0.000000 1.000000
0.990950 0.031547 0.130471 0.000000 -0.059712 0.974122 0.217991 16.865299 -0.120218 -0.223809 0.967190 0.000000 0.000000 0.000000 0.000000 1.000000
0.990822 0.033397 0.130982 -0.000000 -0.060295 0.976452 0.207136 16.865299 -0.120980 -0.213133 0.969504 0.000000 0.000000 0.000000 0.000000 1.000000
0.990739 0.033048 0.131697 0.000000 -0.056347 0.982537 0.177332 16.865299 -0.123537 -0.183111 0.975299 0.000000 0.000000 0.000000 0.000000 1.000000
0.989929 0.040022 0.135793 0.000000 -0.060108 0.987278 0.147207 16.865299 -0.128174 -0.153886 0.979740 -0.000000 0.000000 0.000000 0.000000 1.000000
0.988511 0.052833 0.141612 0.000000 -0.071327 0.989091 0.128882 16.865299 -0.133258 -0.137502 0.981497 0.000000 0.000000 0.000000 0.000000 1.000000
0.986947 0.064042 0.147761 0.000000 -0.079016 0.992064 0.097801 16.865299 -0.140325 -0.108200 0.984176 0.000000 0.000000 0.000000 0.000000 1.000000
0.986722 0.060222 0.150839 0.000000 -0.068873 0.996227 0.052795 16.865299 -0.147091 -0.062483 0.987147 0.000000 0.000000 0.000000 0.000000 1.000000
0.986888 0.048385 0.153985 0.000000 -0.052048 0.998447 0.019845 16.865299 -0.152786 -0.027599 0.987874 0.000000 0.000000 0.000000 0.000000 1.000000
0.986939 0.041592 0.155633 0.000000 -0.044374 0.998911 0.014446 16.865299 -0.154862 -0.021163 0.987709 0.000000 0.000000 0.000000 0.000000 1.000000
0.987117 0.034257 0.156289 0.000000 -0.037730 0.999101 0.019315 16.865299 -0.155487 -0.024963 0.987523 0.000000 0.000000 0.000000 0.000000 1.000000
0.987296 0.026988 0.156584 -0.000000 -0.031969 0.999057 0.029374 16.865299 -0.155643 -0.034006 0.987228 0.000000 0.000000 0.000000 0.000000 1.000000
0.987364 0.020399 0.157150 -0.000000 -0.026932 0.998854 0.039558 16.865299 -0.156163 -0.043290 0.986782 -0.000000 0.000000 0.000000 0.000000 1.000000
0.987224 0.015100 0.158623 -0.000000 -0.022476 0.998743 0.044813 16.865299 -0.157746 -0.047805 0.986322 -0.000000 0.000000 0.000000 0.000000 1.000000
0.986838 0.011617 0.161294 -0.000000 -0.018984 0.998842 0.044208 16.865299 -0.160594 -0.046689 0.985916 0.000000 0.000000 0.000000 0.000000 1.000000
0.986293 0.009515 0.164728 0.000000 -0.016512 0.999016 0.041158 16.865299 -0.164175 -0.043314 0.985480 0.000000 0.000000 0.000000 0.000000 1.000000
0.985675 0.007967 0.168465 -0.000000 -0.014423 0.999206 0.037134 16.865299 -0.168036 -0.039032 0.985008 0.000000 0.000000 0.000000 0.000000 1.000000
0.985070 0.006144 0.172047 0.000000 -0.012104 0.999362 0.033616 16.865299 -0.171731 -0.035197 0.984515 0.000000 0.000000 0.000000 0.000000 1.000000</float_array>
        <technique_common>
          <accessor source="#mixamorig_Neck-Matrix-animation-output-transform-array" count="30" stride="16">
            <param type="float4x4"/>
          </accessor>
        </technique_common>
      </source>
      <source id="mixamorig_Neck-Interpolations">
        <Name_array id="mixamorig_Neck-Interpolations-array" count="30">
 LINEAR LINEAR LINEAR LINEAR LINEAR LINEAR LINEAR LINEAR LINEAR LINEAR LINEAR
LINEAR LINEAR LINEAR LINEAR LINEAR LINEAR LINEAR LINEAR LINEAR LINEAR LINEAR LINEAR
LINEAR LINEAR LINEAR LINEAR LINEAR LINEAR LINEAR</Name_array>
        <technique_common>
          <accessor source="#mixamorig_Neck-Interpolations-array" count="30">
            <param type="name"/>
          </accessor>
        </technique_common>
      </source>
      <sampler id="mixamorig_Neck-Matrix-animation-transform">
        <input semantic="INPUT" source="#mixamorig_Neck-Matrix-animation-input"/>
        <input semantic="OUTPUT" source="#mixamorig_Neck-Matrix-animation-output-transform"/>
        <input semantic="INTERPOLATION" source="#mixamorig_Neck-Interpolations"/>
      </sampler>
      <channel source="#mixamorig_Neck-Matrix-animation-transform" target="mixamorig_Neck/matrix"/>
    </animation>
    <animation id="mixamorig_Head-anim" name="mixamorig_Head">
      <source id="mixamorig_Head-Matrix-animation-input">
        <float_array id="mixamorig_Head-Matrix-animation-input-array" count="30">

0.000000 0.033333 0.066667 0.100000 0.133333 0.166667 0.200000 0.233333 0.266667 0.300000 0.333333 0.366667 0.400000 0.433333 0.466667 0.500000
0.533333 0.566667 0.600000 0.633333 0.666667 0.700000 0.733333 0.766667 0.800000 0.833333 0.866667 0.900000 0.933333 0.966667</float_array>
        <technique_common>
          <accessor source="#mixamorig_Head-Matrix-animation-input-array" count="30">
            <param name="TIME" type="float"/>
          </accessor>
        </technique_common>
      </source>
      <source id="mixamorig_Head-Matrix-animation-output-transform">
        <float_array id="mixamorig_Head-Matrix-animation-output-transform-array" count="480">

0.912383 0.030253 0.408217 0.000000 -0.063997 0.995544 0.069256 9.341900 -0.404303 -0.089313 0.910254 2.841000 0.000000 0.000000 0.000000 1.000000
0.922836 0.025852 0.384325 0.000000 -0.092541 0.983403 0.156059 9.341900 -0.373912 -0.179583 0.909912 2.841000 0.000000 0.000000 0.000000 1.000000
0.931760 0.019961 0.362525 0.000000 -0.110903 0.966413 0.231832 9.341900 -0.345721 -0.256218 0.902679 2.841000 0.000000 0.000000 0.000000 1.000000
0.938465 0.004372 0.345347 0.000000 -0.093103 0.966106 0.240771 9.341900 -0.332589 -0.258108 0.907064 2.841000 0.000000 0.000000 0.000000 1.000000
0.943928 -0.019500 0.329575 -0.000000 -0.043163 0.982397 0.181748 9.341900 -0.327318 -0.185783 0.926471 2.841000 0.000000 0.000000 0.000000 1.000000
0.953435 -0.042933 0.298528 -0.000000 0.013182 0.994803 0.100966 9.341900 -0.301311 -0.092329 0.949045 2.841000 0.000000 0.000000 0.000000 1.000000
0.962380 -0.054159 0.266253 0.000000 0.045658 0.998233 0.038017 9.341900 -0.267842 -0.024430 0.963153 2.841000 0.000000 0.000000 0.000000 1.000000
0.969558 -0.033593 0.242545 0.000000 0.019420 0.997974 0.060590 9.341900 -0.244089 -0.054036 0.968246 2.841000 0.000000 0.000000 0.000000 1.000000
0.971803 0.001410 0.235789 0.000000 -0.027478 0.993846 0.107308 9.341900 -0.234187 -0.110761 0.965861 2.841000 0.000000 0.000000 0.000000 1.000000
0.965105 0.041062 0.258625 0.000000 -0.076480 0.988768 0.128409 9.341900 -0.250447 -0.143708 0.957405 2.841000 0.000000 0.000000 0.000000 1.000000
0.951769 0.082773 0.295440 0.000000 -0.129319 0.981436 0.141635 9.341900 -0.278232 -0.173010 0.944804 2.841000 0.000000 0.000000 0.000000 1.000000
0.938885 0.111238 0.325762 0.000000 -0.170478 0.972400 0.159295 9.341900 -0.299052 -0.205095 0.931936 2.841000 0.000000 0.000000 0.000000 1.000000
0.927183 0.122405 0.354047 -0.000000 -0.203309 0.958232 0.201140 9.341900 -0.314638 -0.258474 0.913342 2.841000 0.000000 0.000000 0.000000 1.000000
0.917732 0.131017 0.374969 -0.000000 -0.229932 0.945011 0.232561 9.341900 -0.323881 -0.299646 0.897393 2.841000 0.000000 0.000000 0.000000 1.000000
0.912123 0.152157 0.380632 -0.000000 -0.243882 0.947770 0.205554 9.341900 -0.329475 -0.280320 0.901591 2.841000 0.000000 0.000000 0.000000 1.000000
0.910739 0.148766 0.385257 -0.000000 -0.228915 0.958290 0.171111 9.341900 -0.343732 -0.244028 0.906807 2.841000 0.000000 0.000000 0.000000 1.000000
0.912094 0.135428 0.386968 0.000000 -0.204639 0.968266 0.143474 9.341900 -0.355257 -0.210050 0.910863 2.841000 0.000000 0.000000 0.000000 1.000000
0.915120 0.123048 0.383947 0.000000 -0.182182 0.975727 0.121520 9.341900 -0.359674 -0.181154 0.915324 2.841000 0.000000 0.000000 0.000000 1.000000
0.917266 0.100904 0.385281 0.000000 -0.154284 0.981866 0.110166 9.341900 -0.367178 -0.160494 0.916200 2.841000 0.000000 0.000000 0.000000 1.000000
0.914314 0.084071 0.396185 0.000000 -0.129905 0.987409 0.090264 9.341900 -0.383608 -0.133996 0.913723 2.841000 0.000000 0.000000 0.000000 1.000000
0.910054 0.068219 0.408837 0.000000 -0.107285 0.991518 0.073367 9.341900 -0.400364 -0.110630 0.909653 2.841000 0.000000 0.000000 0.000000 1.000000
0.910625 0.060130 0.408835 -0.000000 -0.102461 0.991317 0.082421 9.341900 -0.400329 -0.116944 0.908879 2.841000 0.000000 0.000000 0.000000 1.000000
0.911418 0.057069 0.407504 0.000000 -0.108665 0.988560 0.104596 9.341900 -0.396873 -0.139612 0.907194 2.841000 0.000000 0.000000 0.000000 1.000000
0.912284 0.056623 0.405626 0.000000 -0.119253 0.984208 0.130820 9.341900 -0.391812 -0.167718 0.904629 2.841000 0.000000 0.000000 0.000000 1.000000
0.913035 0.056374 0.403967 0.000000 -0.127793 0.980074 0.152065 9.341900 -0.387345 -0.190464 0.902046 2.841000 0.000000 0.000000 0.000000 1.000000
0.913483 0.053904 0.403291 0.000000 -0.128114 0.978874 0.159352 9.341900 -0.386181 -0.197233 0.901090 2.841000 0.000000 0.000000 0.000000 1.000000
0.913509 0.048850 0.403875 0.000000 -0.117949 0.981926 0.148017 9.341900 -0.389344 -0.182852 0.902760 2.841000 0.000000 0.000000 0.000000 1.000000
0.913229 0.042843 0.405189 0.000000 -0.101446 0.987048 0.124277 9.341900 -0.394616 -0.154599 0.905747 2.841000 0.000000 0.000000 0.000000 1.000000
0.912797 0.036453 0.406784 -0.000000 -0.082193 0.992027 0.095535 9.341900 -0.400058 -0.120639 0.908515 2.841000 0.000000 0.000000 0.000000 1.000000
0.912383 0.030253 0.408217 0.000000 -0.063997 0.995544 0.069256 9.341900 -0.404303 -0.089313 0.910254 2.841000 0.000000 0.000000 0.000000 1.000000</float_array>
        <technique_common>
          <accessor source="#mixamorig_Head-Matrix-animation-output-transform-array" count="30" stride="16">
            <param type="float4x4"/>
          </accessor>
        </technique_common>
      </source>
      <source id="mixamorig_Head-Interpolations">
        <Name_array id="mixamorig_Head-Interpolations-array" count="30">
 LINEAR LINEAR LINEAR LINEAR LINEAR LINEAR LINEAR LINEAR LINEAR LINEAR LINEAR
LINEAR LINEAR LINEAR LINEAR LINEAR LINEAR LINEAR LINEAR LINEAR LINEAR LINEAR LINEAR
LINEAR LINEAR LINEAR LINEAR LINEAR LINEAR LINEAR</Name_array>
        <technique_common>
          <accessor source="#mixamorig_Head-Interpolations-array" count="30">
            <param type="name"/>
          </accessor>
        </technique_common>
      </source>
      <sampler id="mixamorig_Head-Matrix-animation-transform">
        <input semantic="INPUT" source="#mixamorig_Head-Matrix-animation-input"/>
        <input semantic="OUTPUT" source="#mixamorig_Head-Matrix-animation-output-transform"/>
        <input semantic="INTERPOLATION" source="#mixamorig_Head-Interpolations"/>
      </sampler>
