<?xml version="1.0" encoding="utf-8"?>
<COLLADA xmlns="http://www.collada.org/2005/11/COLLADASchema" version="1.4.1">
  <asset>
    <contributor>
      <author>Mixamo</author>
      <authoring_tool>COLLADA Mixamo exporter</authoring_tool>
      <comments/>
    </contributor>
    <created>2023-03-14T04:42:46Z</created>
    <modified>2023-03-14T04:42:46Z</modified>
    <revision/>
    <title/>
    <unit meter="0.010000"/>
    <up_axis>Y_UP</up_axis>
  </asset>
  <library_animations>
    <animation id="mixamorig_Hips-anim" name="mixamorig_Hips">
      <source id="mixamorig_Hips-Matrix-animation-input">
        <float_array id="mixamorig_Hips-Matrix-animation-input-array" count="26">

0.000000 0.033333 0.066667 0.100000 0.133333 0.166667 0.200000 0.233333 0.266667 0.300000 0.333333 0.366667 0.400000 0.433333 0.466667 0.500000
0.533333 0.566667 0.600000 0.633333 0.666667 0.700000 0.733333 0.766667 0.800000 0.833333</float_array>
        <technique_common>
          <accessor source="#mixamorig_Hips-Matrix-animation-input-array" count="26">
            <param name="TIME" type="float"/>
          </accessor>
        </technique_common>
      </source>
      <source id="mixamorig_Hips-Matrix-animation-output-transform">
        <float_array id="mixamorig_Hips-Matrix-animation-output-transform-array" count="416">

0.978925 -0.106281 -0.174384 -0.143035 0.038947 0.935395 -0.351454 92.603775 0.200471 0.337256 0.919821 1.397088 0.000000 0.000000 0.000000 1.000000
0.974564 -0.170455 -0.145496 -0.476877 0.137371 0.967321 -0.213119 99.226669 0.177069 0.187711 0.966132 13.907032 0.000000 0.000000 0.000000 1.000000
0.973632 -0.210004 -0.089106 -0.355485 0.195065 0.968920 -0.152128 108.346024 0.118284 0.130735 0.984336 26.113333 0.000000 0.000000 0.000000 1.000000
0.975567 -0.212741 -0.054862 -1.130719 0.204633 0.970757 -0.125522 116.488922 0.079961 0.111228 0.990573 36.841351 0.000000 0.000000 0.000000 1.000000
0.978341 -0.199761 -0.054257 -1.623770 0.193233 0.975338 -0.106658 124.701286 0.074225 0.093864 0.992814 46.153385 0.000000 0.000000 0.000000 1.000000
0.980448 -0.186648 -0.062329 -1.881297 0.180915 0.979590 -0.087601 132.823730 0.077407 0.074612 0.994204 55.043873 0.000000 0.000000 0.000000 1.000000
0.980931 -0.181960 -0.068300 -1.667667 0.177866 0.982104 -0.061926 140.330490 0.078346 0.048597 0.995741 63.853203 0.000000 0.000000 0.000000 1.000000
0.981028 -0.184231 -0.060355 -0.421259 0.183354 0.982847 -0.019820 146.180725 0.062972 0.008378 0.997980 71.999123 0.000000 0.000000 0.000000 1.000000
0.984482 -0.169427 -0.045722 0.813035 0.170732 0.984966 0.026301 151.754593 0.040578 -0.033699 0.998608 80.429123 0.000000 0.000000 0.000000 1.000000
0.989049 -0.144219 -0.031364 1.944416 0.146088 0.986864 0.068976 157.171661 0.021005 -0.072802 0.997125 89.154305 0.000000 0.000000 0.000000 1.000000
0.993193 -0.113407 -0.026574 2.993150 0.115500 0.988392 0.098694 161.785034 0.015073 -0.101092 0.994763 98.298820 0.000000 0.000000 0.000000 1.000000
0.995673 -0.085763 -0.035768 3.695131 0.088905 0.991187 0.098210 164.702209 0.027030 -0.100965 0.994523 108.262863 0.000000 0.000000 0.000000 1.000000
0.995536 -0.075435 -0.056722 3.787402 0.079676 0.993869 0.076658 165.952927 0.050591 -0.080835 0.995443 118.685997 0.000000 0.000000 0.000000 1.000000
0.994228 -0.068929 -0.082218 3.377864 0.073851 0.995557 0.058413 165.941254 0.077826 -0.064148 0.994901 129.031937 0.000000 0.000000 0.000000 1.000000
0.991833 -0.063198 -0.110782 2.624224 0.064650 0.997862 0.009559 164.897156 0.109941 -0.016643 0.993799 139.616714 0.000000 0.000000 0.000000 1.000000
0.987543 -0.057344 -0.146528 1.767329 0.055492 0.998320 -0.016695 162.553833 0.147239 0.008356 0.989066 150.178238 0.000000 0.000000 0.000000 1.000000
0.982762 -0.062385 -0.174029 0.957529 0.053327 0.996992 -0.056250 158.745224 0.177015 0.046000 0.983133 161.142776 0.000000 0.000000 0.000000 1.000000
0.979232 -0.072329 -0.189400 0.171213 0.058351 0.995215 -0.078370 153.025558 0.194162 0.065690 0.978767 171.636658 0.000000 0.000000 0.000000 1.000000
0.975806 -0.083918 -0.201893 -0.587897 0.065631 0.993250 -0.095636 146.390442 0.208556 0.080072 0.974727 181.898407 0.000000 0.000000 0.000000 1.000000
0.971754 -0.098903 -0.214273 -1.351310 0.076939 0.991110 -0.108540 138.915100 0.223103 0.088989 0.970724 192.215454 0.000000 0.000000 0.000000 1.000000
0.964188 -0.120192 -0.236423 -1.721843 0.097105 0.989503 -0.107022 130.249924 0.246804 0.080231 0.965738 203.386490 0.000000 0.000000 0.000000 1.000000
0.957742 -0.114338 -0.263927 -2.186177 0.088719 0.990286 -0.107066 120.701210 0.273605 0.079126 0.958582 215.007034 0.000000 0.000000 0.000000 1.000000
0.961161 -0.117189 -0.249874 -1.932665 0.079361 0.984492 -0.156450 107.665916 0.264334 0.130543 0.955555 228.299469 0.000000 0.000000 0.000000 1.000000
0.970859 -0.123628 -0.205302 -0.977505 0.075684 0.970995 -0.226804 96.205963 0.227387 0.204657 0.952056 243.237503 0.000000 0.000000 0.000000 1.000000
0.976058 -0.121987 -0.180082 -0.531137 0.059131 0.945562 -0.320026 93.051575 0.209318 0.301716 0.930136 255.948471 0.000000 0.000000 0.000000 1.000000
0.978925 -0.106280 -0.174384 -0.146488 0.038947 0.935395 -0.351454 92.603752 0.200471 0.337256 0.919821 263.442902 0.000000 0.000000 0.000000 1.000000</float_array>
        <technique_common>
          <accessor source="#mixamorig_Hips-Matrix-animation-output-transform-array" count="26" stride="16">
            <param type="float4x4"/>
          </accessor>
        </technique_common>
      </source>
      <source id="mixamorig_Hips-Interpolations">
        <Name_array id="mixamorig_Hips-Interpolations-array" count="26">
 LINEAR LINEAR LINEAR LINEAR LINEAR LINEAR LINEAR LINEAR LINEAR LINEAR LINEAR
LINEAR LINEAR LINEAR LINEAR LINEAR LINEAR LINEAR LINEAR LINEAR LINEAR LINEAR LINEAR
LINEAR LINEAR LINEAR</Name_array>
        <technique_common>
          <accessor source="#mixamorig_Hips-Interpolations-array" count="26">
            <param type="name"/>
          </accessor>
        </technique_common>
      </source>
      <sampler id="mixamorig_Hips-Matrix-animation-transform">
        <input semantic="INPUT" source="#mixamorig_Hips-Matrix-animation-input"/>
        <input semantic="OUTPUT" source="#mixamorig_Hips-Matrix-animation-output-transform"/>
        <input semantic="INTERPOLATION" source="#mixamorig_Hips-Interpolations"/>
      </sampler>
      <channel source="#mixamorig_Hips-Matrix-animation-transform" target="mixamorig_Hips/matrix"/>
    </animation>
    <animation id="mixamorig_Spine-anim" name="mixamorig_Spine">
      <source id="mixamorig_Spine-Matrix-animation-input">
        <float_array id="mixamorig_Spine-Matrix-animation-input-array" count="26">

0.000000 0.033333 0.066667 0.100000 0.133333 0.166667 0.200000 0.233333 0.266667 0.300000 0.333333 0.366667 0.400000 0.433333 0.466667 0.500000
0.533333 0.566667 0.600000 0.633333 0.666667 0.700000 0.733333 0.766667 0.800000 0.833333</float_array>
        <technique_common>
          <accessor source="#mixamorig_Spine-Matrix-animation-input-array" count="26">
            <param name="TIME" type="float"/>
          </accessor>
        </technique_common>
      </source>
      <source id="mixamorig_Spine-Matrix-animation-output-transform">
        <float_array id="mixamorig_Spine-Matrix-animation-output-transform-array" count="416">

0.991100 0.086846 0.100889 0.000000 -0.049408 0.943732 -0.327000 10.182400 -0.123610 0.319105 0.939624 0.000000 0.000000 0.000000 0.000000 1.000000
0.976411 0.144686 0.160274 0.000000 -0.089846 0.947220 -0.307738 10.182400 -0.196340 0.286078 0.937875 0.000000 0.000000 0.000000 0.000000 1.000000
0.969381 0.174385 0.172887 0.000000 -0.120356 0.951093 -0.284493 10.182400 -0.214043 0.254974 0.942960 -0.000000 0.000000 0.000000 0.000000 1.000000
0.971020 0.181152 0.155899 0.000000 -0.132467 0.950869 -0.279823 10.182400 -0.198930 0.251062 0.947309 0.000000 0.000000 0.000000 0.000000 1.000000
0.975407 0.181930 0.124432 -0.000000 -0.140505 0.948193 -0.284934 10.182400 -0.169824 0.260444 0.950436 0.000000 0.000000 0.000000 0.000000 1.000000
0.980914 0.177152 0.080161 -0.000000 -0.145722 0.942696 -0.300150 10.182400 -0.128740 0.282740 0.950518 -0.000000 0.000000 0.000000 0.000000 1.000000
0.985705 0.165502 0.031529 -0.000000 -0.146414 0.934068 -0.325699 10.182400 -0.083354 0.316427 0.944948 0.000000 0.000000 0.000000 0.000000 1.000000
0.992394 0.119010 -0.031486 -0.000000 -0.121897 0.914241 -0.386400 10.182400 -0.017200 0.387299 0.921794 0.000000 0.000000 0.000000 0.000000 1.000000
0.995290 0.050725 -0.082610 0.000000 -0.083366 0.882773 -0.462344 10.182400 0.049473 0.467054 0.882844 0.000000 0.000000 0.000000 0.000000 1.000000
0.992154 -0.025172 -0.122460 0.000000 -0.045158 0.841231 -0.538787 10.182400 0.116579 0.540089 0.833494 0.000000 0.000000 0.000000 0.000000 1.000000
0.985219 -0.090204 -0.145624 -0.000000 -0.015862 0.798425 -0.601886 10.182400 0.170562 0.595300 0.785192 0.000000 0.000000 0.000000 0.000000 1.000000
0.981289 -0.117935 -0.152192 -0.000000 -0.004191 0.777179 -0.629266 10.182400 0.192493 0.618130 0.762143 0.000000 0.000000 0.000000 0.000000 1.000000
0.984351 -0.100259 -0.144915 0.000000 -0.010950 0.785979 -0.618156 10.182400 0.175876 0.610070 0.772582 0.000000 0.000000 0.000000 0.000000 1.000000
0.987559 -0.075041 -0.138187 0.000000 -0.022909 0.800752 -0.598558 10.182400 0.155570 0.594277 0.789071 0.000000 0.000000 0.000000 0.000000 1.000000
0.988918 -0.050562 -0.139589 -0.000000 -0.036203 0.829711 -0.557018 10.182400 0.143983 0.555899 0.818685 -0.000000 0.000000 0.000000 0.000000 1.000000
0.991504 -0.016407 -0.129040 0.000000 -0.053829 0.851340 -0.521846 10.182400 0.118419 0.524358 0.843223 0.000000 0.000000 0.000000 0.000000 1.000000
0.993403 0.011782 -0.114068 0.000000 -0.063194 0.886288 -0.458803 10.182400 0.095691 0.462984 0.881186 0.000000 0.000000 0.000000 0.000000 1.000000
0.993614 0.030440 -0.108652 0.000000 -0.070144 0.920890 -0.383460 10.182400 0.088384 0.388633 0.917144 -0.000000 0.000000 0.000000 0.000000 1.000000
0.993840 0.049925 -0.098943 -0.000000 -0.078754 0.946297 -0.313561 10.182400 0.077975 0.319422 0.944399 0.000000 0.000000 0.000000 0.000000 1.000000
0.993620 0.077913 -0.081537 -0.000000 -0.097383 0.957395 -0.271867 10.182400 0.056881 0.278073 0.958874 0.000000 0.000000 0.000000 0.000000 1.000000
0.990637 0.121397 -0.062466 0.000000 -0.133536 0.956805 -0.258247 10.182400 0.028417 0.264171 0.964057 0.000000 0.000000 0.000000 0.000000 1.000000
0.988947 0.142992 -0.039211 0.000000 -0.148268 0.955396 -0.255411 10.182400 0.000940 0.258401 0.966037 0.000000 0.000000 0.000000 0.000000 1.000000
0.989801 0.142458 -0.000829 0.000000 -0.137357 0.952787 -0.270794 10.182400 -0.037787 0.268146 0.962637 -0.000000 0.000000 0.000000 0.000000 1.000000
0.991312 0.124244 0.043179 -0.000000 -0.106175 0.949620 -0.294870 10.182400 -0.077639 0.287724 0.954561 0.000000 0.000000 0.000000 0.000000 1.000000
0.991411 0.097538 0.087123 0.000000 -0.065299 0.946367 -0.316427 10.182400 -0.113314 0.308020 0.944608 -0.000000 0.000000 0.000000 0.000000 1.000000
0.991100 0.086845 0.100889 0.000000 -0.049408 0.943732 -0.327000 10.182400 -0.123610 0.319105 0.939624 0.000000 0.000000 0.000000 0.000000 1.000000</float_array>
        <technique_common>
          <accessor source="#mixamorig_Spine-Matrix-animation-output-transform-array" count="26" stride="16">
            <param type="float4x4"/>
          </accessor>
        </technique_common>
      </source>
      <source id="mixamorig_Spine-Interpolations">
        <Name_array id="mixamorig_Spine-Interpolations-array" count="26">
 LINEAR LINEAR LINEAR LINEAR LINEAR LINEAR LINEAR LINEAR LINEAR LINEAR LINEAR
LINEAR LINEAR LINEAR LINEAR LINEAR LINEAR LINEAR LINEAR LINEAR LINEAR LINEAR LINEAR
LINEAR LINEAR LINEAR</Name_array>
        <technique_common>
          <accessor source="#mixamorig_Spine-Interpolations-array" count="26">
            <param type="name"/>
          </accessor>
        </technique_common>
      </source>
      <sampler id="mixamorig_Spine-Matrix-animation-transform">
        <input semantic="INPUT" source="#mixamorig_Spine-Matrix-animation-input"/>
        <input semantic="OUTPUT" source="#mixamorig_Spine-Matrix-animation-output-transform"/>
        <input semantic="INTERPOLATION" source="#mixamorig_Spine-Interpolations"/>
      </sampler>
      <channel source="#mixamorig_Spine-Matrix-animation-transform" target="mixamorig_Spine/matrix"/>
    </animation>
    <animation id="mixamorig_Spine1-anim" name="mixamorig_Spine1">
      <source id="mixamorig_Spine1-Matrix-animation-input">
        <float_array id="mixamorig_Spine1-Matrix-animation-input-array" count="26">

0.000000 0.033333 0.066667 0.100000 0.133333 0.166667 0.200000 0.233333 0.266667 0.300000 0.333333 0.366667 0.400000 0.433333 0.466667 0.500000
0.533333 0.566667 0.600000 0.633333 0.666667 0.700000 0.733333 0.766667 0.800000 0.833333</float_array>
        <technique_common>
          <accessor source="#mixamorig_Spine1-Matrix-animation-input-array" count="26">
            <param name="TIME" type="float"/>
          </accessor>
        </technique_common>
      </source>
      <source id="mixamorig_Spine1-Matrix-animation-output-transform">
        <float_array id="mixamorig_Spine1-Matrix-animation-output-transform-array" count="416">

0.999427 0.006567 0.033197 0.000000 -0.005355 0.999321 -0.036459 10.002700 -0.033414 0.036260 0.998784 0.000000 0.000000 0.000000 0.000000 1.000000
0.998464 0.006394 0.055034 0.000000 -0.004523 0.999410 -0.034046 10.002700 -0.055219 0.033745 0.997904 0.000000 0.000000 0.000000 0.000000 1.000000
0.997960 0.012051 0.062690 0.000000 -0.010058 0.999437 -0.032011 10.002700 -0.063040 0.031315 0.997520 0.000000 0.000000 0.000000 0.000000 1.000000
0.998145 0.013709 0.059325 0.000000 -0.011881 0.999447 -0.031056 10.002700 -0.059718 0.030294 0.997755 -0.000000 0.000000 0.000000 0.000000 1.000000
0.998601 0.013919 0.051020 -0.000000 -0.012361 0.999451 -0.030733 10.002700 -0.051420 0.030059 0.998225 0.000000 0.000000 0.000000 0.000000 1.000000
0.999131 0.014096 0.039214 0.000000 -0.012870 0.999426 -0.031350 10.002700 -0.039634 0.030818 0.998739 -0.000000 0.000000 0.000000 0.000000 1.000000
0.999556 0.015630 0.025348 -0.000000 -0.014785 0.999340 -0.033168 10.002700 -0.025850 0.032778 0.999128 0.000000 0.000000 0.000000 0.000000 1.000000
0.999792 0.019131 0.007108 0.000000 -0.018826 0.998991 -0.040762 10.002700 -0.007880 0.040620 0.999144 0.000000 0.000000 0.000000 0.000000 1.000000
0.999740 0.021629 -0.007271 0.000000 -0.021992 0.998283 -0.054297 10.002700 0.006084 0.054443 0.998498 0.000000 0.000000 0.000000 0.000000 1.000000
0.999537 0.023463 -0.019361 0.000000 -0.024751 0.997294 -0.069219 10.002700 0.017685 0.069666 0.997414 -0.000000 0.000000 0.000000 0.000000 1.000000
0.999290 0.024383 -0.028722 0.000000 -0.026669 0.996267 -0.082104 10.002700 0.026613 0.082812 0.996210 -0.000000 0.000000 0.000000 0.000000 1.000000
0.999197 0.023352 -0.032547 0.000000 -0.026138 0.995780 -0.087972 10.002700 0.030355 0.088752 0.995591 0.000000 0.000000 0.000000 0.000000 1.000000
0.999316 0.022783 -0.029137 0.000000 -0.025182 0.996078 -0.084820 10.002700 0.027090 0.085496 0.995970 -0.000000 0.000000 0.000000 0.000000 1.000000
0.999317 0.025092 -0.027113 -0.000000 -0.027136 0.996597 -0.077829 10.002700 0.025068 0.078512 0.996598 -0.000000 0.000000 0.000000 0.000000 1.000000
0.999240 0.027935 -0.027174 0.000000 -0.029689 0.997350 -0.066422 10.002700 0.025247 0.067178 0.997422 0.000000 0.000000 0.000000 0.000000 1.000000
0.999334 0.027647 -0.023814 -0.000000 -0.029092 0.997614 -0.062613 10.002700 0.022026 0.063264 0.997754 0.000000 0.000000 0.000000 0.000000 1.000000
0.999449 0.026824 -0.019569 -0.000000 -0.027897 0.997997 -0.056781 10.002700 0.018007 0.057296 0.998195 0.000000 0.000000 0.000000 0.000000 1.000000
0.999437 0.027354 -0.019438 0.000000 -0.028311 0.998307 -0.050808 10.002700 0.018016 0.051329 0.998519 0.000000 0.000000 0.000000 0.000000 1.000000
0.999376 0.030089 -0.018487 0.000000 -0.030953 0.998350 -0.048370 10.002700 0.017001 0.048912 0.998658 0.000000 0.000000 0.000000 0.000000 1.000000
0.999344 0.033183 -0.014479 0.000000 -0.033820 0.998360 -0.046182 10.002700 0.012922 0.046642 0.998828 0.000000 0.000000 0.000000 0.000000 1.000000
0.999249 0.037641 -0.009249 0.000000 -0.037975 0.998518 -0.038982 10.002700 0.007768 0.039304 0.999197 0.000000 0.000000 0.000000 0.000000 1.000000
0.999128 0.041397 -0.005462 0.000000 -0.041574 0.998424 -0.037699 10.002700 0.003893 0.037893 0.999274 0.000000 0.000000 0.000000 0.000000 1.000000
0.999412 0.034284 0.000062 -0.000000 -0.034251 0.998539 -0.041803 10.002700 -0.001496 0.041777 0.999126 0.000000 0.000000 0.000000 0.000000 1.000000
0.999716 0.021333 0.010640 0.000000 -0.020860 0.998867 -0.042780 10.002700 -0.011541 0.042546 0.999028 0.000000 0.000000 0.000000 0.000000 1.000000
0.999569 0.009822 0.027658 0.000000 -0.008764 0.999235 -0.038106 10.002700 -0.028011 0.037847 0.998891 0.000000 0.000000 0.000000 0.000000 1.000000
0.999427 0.006567 0.033197 0.000000 -0.005355 0.999321 -0.036459 10.002700 -0.033414 0.036260 0.998784 0.000000 0.000000 0.000000 0.000000 1.000000</float_array>
        <technique_common>
          <accessor source="#mixamorig_Spine1-Matrix-animation-output-transform-array" count="26" stride="16">
            <param type="float4x4"/>
          </accessor>
        </technique_common>
      </source>
      <source id="mixamorig_Spine1-Interpolations">
        <Name_array id="mixamorig_Spine1-Interpolations-array" count="26">
 LINEAR LINEAR LINEAR LINEAR LINEAR LINEAR LINEAR LINEAR LINEAR LINEAR LINEAR
LINEAR LINEAR LINEAR LINEAR LINEAR LINEAR LINEAR LINEAR LINEAR LINEAR LINEAR LINEAR
LINEAR LINEAR LINEAR</Name_array>
        <technique_common>
          <accessor source="#mixamorig_Spine1-Interpolations-array" count="26">
            <param type="name"/>
          </accessor>
        </technique_common>
      </source>
      <sampler id="mixamorig_Spine1-Matrix-animation-transform">
        <input semantic="INPUT" source="#mixamorig_Spine1-Matrix-animation-input"/>
        <input semantic="OUTPUT" source="#mixamorig_Spine1-Matrix-animation-output-transform"/>
        <input semantic="INTERPOLATION" source="#mixamorig_Spine1-Interpolations"/>
      </sampler>
      <channel source="#mixamorig_Spine1-Matrix-animation-transform" target="mixamorig_Spine1/matrix"/>
    </animation>
    <animation id="mixamorig_Spine2-anim" name="mixamorig_Spine2">
      <source id="mixamorig_Spine2-Matrix-animation-input">
        <float_array id="mixamorig_Spine2-Matrix-animation-input-array" count="26">

0.000000 0.033333 0.066667 0.100000 0.133333 0.166667 0.200000 0.233333 0.266667 0.300000 0.333333 0.366667 0.400000 0.433333 0.466667 0.500000
0.533333 0.566667 0.600000 0.633333 0.666667 0.700000 0.733333 0.766667 0.800000 0.833333</float_array>
        <technique_common>
          <accessor source="#mixamorig_Spine2-Matrix-animation-input-array" count="26">
            <param name="TIME" type="float"/>
          </accessor>
        </technique_common>
      </source>
      <source id="mixamorig_Spine2-Matrix-animation-output-transform">
        <float_array id="mixamorig_Spine2-Matrix-animation-output-transform-array" count="416">

0.999388 0.008918 0.033831 -0.000000 -0.006810 0.998058 -0.061912 9.322100 -0.034318 0.061644 0.997508 0.000000 0.000000 0.000000 0.000000 1.000000
0.998377 0.010378 0.055995 0.000000 -0.007036 0.998201 -0.059542 9.322100 -0.056512 0.059051 0.996654 0.000000 0.000000 0.000000 0.000000 1.000000
0.997820 0.016759 0.063828 0.000000 -0.013093 0.998263 -0.057435 9.322100 -0.064679 0.056474 0.996307 0.000000 0.000000 0.000000 0.000000 1.000000
0.997996 0.018498 0.060508 0.000000 -0.015058 0.998271 -0.056821 9.322100 -0.061454 0.055796 0.996549 -0.000000 0.000000 0.000000 0.000000 1.000000
0.998464 0.018497 0.052216 0.000000 -0.015512 0.998253 -0.057013 9.322100 -0.053180 0.056115 0.997007 0.000000 0.000000 0.000000 0.000000 1.000000
0.999014 0.018227 0.040476 0.000000 -0.015851 0.998176 -0.058248 9.322100 -0.041464 0.057549 0.997481 -0.000000 0.000000 0.000000 0.000000 1.000000
0.999457 0.019156 0.026814 0.000000 -0.017499 0.998002 -0.060717 9.322100 -0.027924 0.060215 0.997795 -0.000000 0.000000 0.000000 0.000000 1.000000
0.999724 0.021620 0.009186 -0.000000 -0.020935 0.997394 -0.069040 9.322100 -0.010655 0.068828 0.997572 0.000000 0.000000 0.000000 0.000000 1.000000
0.999723 0.023128 -0.004362 0.000000 -0.023411 0.996260 -0.083175 9.322100 0.002422 0.083254 0.996525 -0.000000 0.000000 0.000000 0.000000 1.000000
0.999589 0.024065 -0.015582 0.000000 -0.025487 0.994797 -0.098639 9.322100 0.013128 0.098995 0.995001 0.000000 0.000000 0.000000 0.000000 1.000000
0.999412 0.024306 -0.024181 0.000000 -0.026869 0.993343 -0.112018 9.322100 0.021297 0.112602 0.993412 0.000000 0.000000 0.000000 0.000000 1.000000
0.999352 0.023127 -0.027585 0.000000 -0.026237 0.992632 -0.118290 9.322100 0.024646 0.118938 0.992596 0.000000 0.000000 0.000000 0.000000 1.000000
0.999438 0.023241 -0.024147 0.000000 -0.025881 0.992971 -0.115490 9.322100 0.021293 0.116050 0.993015 -0.000000 0.000000 0.000000 0.000000 1.000000
0.999413 0.026162 -0.022116 0.000000 -0.028421 0.993643 -0.108933 9.322100 0.019125 0.109498 0.993803 0.000000 0.000000 0.000000 0.000000 1.000000
0.999319 0.029425 -0.022268 -0.000000 -0.031473 0.994689 -0.098001 9.322100 0.019266 0.098635 0.994937 0.000000 0.000000 0.000000 0.000000 1.000000
0.999375 0.029786 -0.019032 0.000000 -0.031457 0.995024 -0.094544 9.322100 0.016121 0.095084 0.995339 0.000000 0.000000 0.000000 0.000000 1.000000
0.999447 0.029710 -0.014922 0.000000 -0.030924 0.995548 -0.089035 9.322100 0.012210 0.089448 0.995917 -0.000000 0.000000 0.000000 0.000000 1.000000
0.999387 0.030475 -0.017249 0.000000 -0.031812 0.996005 -0.083437 9.322100 0.014638 0.083935 0.996364 0.000000 0.000000 0.000000 0.000000 1.000000
0.999334 0.033701 -0.014025 0.000000 -0.034735 0.996072 -0.081451 9.322100 0.011225 0.081884 0.996579 0.000000 0.000000 0.000000 0.000000 1.000000
0.999248 0.037431 -0.010145 0.000000 -0.038121 0.996098 -0.079598 9.322100 0.007126 0.079924 0.996775 0.000000 0.000000 0.000000 0.000000 1.000000
0.999079 0.042600 -0.005115 -0.000000 -0.042859 0.996433 -0.072689 9.322100 0.002001 0.072842 0.997342 -0.000000 0.000000 0.000000 0.000000 1.000000
0.998784 0.049281 -0.001195 -0.000000 -0.049239 0.996217 -0.071604 9.322100 -0.002338 0.071576 0.997432 -0.000000 0.000000 0.000000 0.000000 1.000000
0.998875 0.047289 0.003614 0.000000 -0.046873 0.995952 -0.076692 9.322100 -0.007226 0.076437 0.997048 0.000000 0.000000 0.000000 0.000000 1.000000
0.999296 0.035727 0.011439 0.000000 -0.034689 0.996127 -0.080792 9.322100 -0.014281 0.080338 0.996665 0.000000 0.000000 0.000000 0.000000 1.000000
0.999501 0.022375 0.022287 0.000000 -0.020693 0.997114 -0.073047 9.322100 -0.023857 0.072549 0.997079 0.000000 0.000000 0.000000 0.000000 1.000000
0.999388 0.008918 0.033831 0.000000 -0.006810 0.998058 -0.061912 9.322100 -0.034318 0.061644 0.997508 -0.000000 0.000000 0.000000 0.000000 1.000000</float_array>
        <technique_common>
          <accessor source="#mixamorig_Spine2-Matrix-animation-output-transform-array" count="26" stride="16">
            <param type="float4x4"/>
          </accessor>
        </technique_common>
      </source>
      <source id="mixamorig_Spine2-Interpolations">
        <Name_array id="mixamorig_Spine2-Interpolations-array" count="26">
 LINEAR LINEAR LINEAR LINEAR LINEAR LINEAR LINEAR LINEAR LINEAR LINEAR LINEAR
LINEAR LINEAR LINEAR LINEAR LINEAR LINEAR LINEAR LINEAR LINEAR LINEAR LINEAR LINEAR
LINEAR LINEAR LINEAR</Name_array>
        <technique_common>
          <accessor source="#mixamorig_Spine2-Interpolations-array" count="26">
            <param type="name"/>
          </accessor>
        </technique_common>
      </source>
      <sampler id="mixamorig_Spine2-Matrix-animation-transform">
        <input semantic="INPUT" source="#mixamorig_Spine2-Matrix-animation-input"/>
        <input semantic="OUTPUT" source="#mixamorig_Spine2-Matrix-animation-output-transform"/>
        <input semantic="INTERPOLATION" source="#mixamorig_Spine2-Interpolations"/>
      </sampler>
      <channel source="#mixamorig_Spine2-Matrix-animation-transform" target="mixamorig_Spine2/matrix"/>
    </animation>
    <animation id="mixamorig_Neck-anim" name="mixamorig_Neck">
      <source id="mixamorig_Neck-Matrix-animation-input">
        <float_array id="mixamorig_Neck-Matrix-animation-input-array" count="26">

0.000000 0.033333 0.066667 0.100000 0.133333 0.166667 0.200000 0.233333 0.266667 0.300000 0.333333 0.366667 0.400000 0.433333 0.466667 0.500000
0.533333 0.566667 0.600000 0.633333 0.666667 0.700000 0.733333 0.766667 0.800000 0.833333</float_array>
        <technique_common>
          <accessor source="#mixamorig_Neck-Matrix-animation-input-array" count="26">
            <param name="TIME" type="float"/>
          </accessor>
        </technique_common>
      </source>
      <source id="mixamorig_Neck-Matrix-animation-output-transform">
        <float_array id="mixamorig_Neck-Matrix-animation-output-transform-array" count="416">

0.999574 0.010273 0.027324 -0.000000 -0.015107 0.982979 0.183095 16.865299 -0.024978 -0.183430 0.982715 0.000000 0.000000 0.000000 0.000000 1.000000
0.999533 0.029589 -0.007619 0.000000 -0.028722 0.994968 0.095986 16.865299 0.010421 -0.095723 0.995354 0.000000 0.000000 0.000000 0.000000 1.000000
0.998515 0.038420 -0.038633 0.000000 -0.037812 0.999151 0.016339 16.865299 0.039228 -0.014854 0.999120 0.000000 0.000000 0.000000 0.000000 1.000000
0.997506 0.048153 -0.051614 0.000000 -0.051169 0.996958 -0.058796 16.865299 0.048626 0.061290 0.996935 0.000000 0.000000 0.000000 0.000000 1.000000
0.996918 0.058508 -0.052257 -0.000000 -0.065057 0.988846 -0.133984 16.865299 0.043835 0.136971 0.989605 0.000000 0.000000 0.000000 0.000000 1.000000
0.996793 0.065776 -0.045584 0.000000 -0.073503 0.977758 -0.196437 16.865299 0.031649 0.199157 0.979456 -0.000000 0.000000 0.000000 0.000000 1.000000
0.997106 0.069596 -0.030602 0.000000 -0.074823 0.969663 -0.232714 16.865299 0.013478 0.234330 0.972064 0.000000 0.000000 0.000000 0.000000 1.000000
0.996488 0.082455 -0.014580 -0.000000 -0.083635 0.971601 -0.221350 16.865299 -0.004086 0.221792 0.975085 0.000000 0.000000 0.000000 0.000000 1.000000
0.995217 0.097673 -0.001747 0.000000 -0.096886 0.984589 -0.145598 16.865299 -0.012501 0.145070 0.989342 -0.000000 0.000000 0.000000 0.000000 1.000000
0.994582 0.102453 0.017606 0.000000 -0.101489 0.993632 -0.048940 16.865299 -0.022508 0.046888 0.998647 0.000000 0.000000 0.000000 0.000000 1.000000
0.994081 0.099846 0.042830 0.000000 -0.100693 0.994753 0.018077 16.865299 -0.040800 -0.022283 0.998919 0.000000 0.000000 0.000000 0.000000 1.000000
0.993857 0.094546 0.057533 0.000000 -0.097323 0.994116 0.047547 16.865299 -0.052699 -0.052854 0.997211 0.000000 0.000000 0.000000 0.000000 1.000000
0.994096 0.086953 0.064896 0.000000 -0.090979 0.993928 0.061891 16.865299 -0.059121 -0.067430 0.995971 -0.000000 0.000000 0.000000 0.000000 1.000000
0.994476 0.078464 0.069716 -0.000000 -0.083265 0.994145 0.068863 16.865299 -0.063905 -0.074287 0.995187 0.000000 0.000000 0.000000 0.000000 1.000000
0.994893 0.069491 0.073204 -0.000000 -0.074476 0.994920 0.067733 16.865299 -0.068125 -0.072839 0.995014 -0.000000 0.000000 0.000000 0.000000 1.000000
0.995195 0.060506 0.076985 0.000000 -0.065371 0.995912 0.062334 16.865299 -0.072899 -0.067067 0.995082 -0.000000 0.000000 0.000000 0.000000 1.000000
0.995163 0.052319 0.083146 -0.000000 -0.056351 0.997308 0.046913 16.865299 -0.080467 -0.051372 0.995433 0.000000 0.000000 0.000000 0.000000 1.000000
0.994433 0.048733 0.093429 -0.000000 -0.051520 0.998289 0.027656 16.865299 -0.091921 -0.032315 0.995242 0.000000 0.000000 0.000000 0.000000 1.000000
0.993609 0.048980 0.101692 0.000000 -0.051478 0.998430 0.022082 16.865299 -0.100451 -0.027176 0.994571 0.000000 0.000000 0.000000 0.000000 1.000000
0.993348 0.053147 0.102156 -0.000000 -0.056092 0.998083 0.026169 16.865299 -0.100569 -0.031725 0.994424 -0.000000 0.000000 0.000000 0.000000 1.000000
0.993496 0.063381 0.094592 -0.000000 -0.068283 0.996437 0.049513 16.865299 -0.091117 -0.055650 0.994284 -0.000000 0.000000 0.000000 0.000000 1.000000
0.993831 0.075198 0.081520 0.000000 -0.081912 0.993226 0.082411 16.865299 -0.074771 -0.088580 0.993259 0.000000 0.000000 0.000000 0.000000 1.000000
0.994416 0.084882 0.062705 0.000000 -0.090134 0.992181 0.086324 16.865299 -0.054887 -0.091494 0.994292 -0.000000 0.000000 0.000000 0.000000 1.000000
0.996137 0.079874 0.036476 0.000000 -0.082887 0.992455 0.090353 16.865299 -0.028984 -0.093027 0.995242 0.000000 0.000000 0.000000 0.000000 1.000000
0.998600 0.048273 0.021650 0.000000 -0.050794 0.989249 0.137133 16.865299 -0.014797 -0.138041 0.990316 -0.000000 0.000000 0.000000 0.000000 1.000000
0.999574 0.010273 0.027324 0.000000 -0.015107 0.982979 0.183095 16.865299 -0.024978 -0.183430 0.982715 0.000000 0.000000 0.000000 0.000000 1.000000</float_array>
        <technique_common>
          <accessor source="#mixamorig_Neck-Matrix-animation-output-transform-array" count="26" stride="16">
            <param type="float4x4"/>
          </accessor>
        </technique_common>
      </source>
      <source id="mixamorig_Neck-Interpolations">
        <Name_array id="mixamorig_Neck-Interpolations-array" count="26">
 LINEAR LINEAR LINEAR LINEAR LINEAR LINEAR LINEAR LINEAR LINEAR LINEAR LINEAR
LINEAR LINEAR LINEAR LINEAR LINEAR LINEAR LINEAR LINEAR LINEAR LINEAR LINEAR LINEAR
LINEAR LINEAR LINEAR</Name_array>
        <technique_common>
          <accessor source="#mixamorig_Neck-Interpolations-array" count="26">
            <param type="name"/>
          </accessor>
        </technique_common>
      </source>
      <sampler id="mixamorig_Neck-Matrix-animation-transform">
        <input semantic="INPUT" source="#mixamorig_Neck-Matrix-animation-input"/>
        <input semantic="OUTPUT" source="#mixamorig_Neck-Matrix-animation-output-transform"/>
        <input semantic="INTERPOLATION" source="#mixamorig_Neck-Interpolations"/>
      </sampler>
      <channel source="#mixamorig_Neck-Matrix-animation-transform" target="mixamorig_Neck/matrix"/>
    </animation>
    <animation id="mixamorig_Head-anim" name="mixamorig_Head">
      <source id="mixamorig_Head-Matrix-animation-input">
        <float_array id="mixamorig_Head-Matrix-animation-input-array" count="26">

0.000000 0.033333 0.066667 0.100000 0.133333 0.166667 0.200000 0.233333 0.266667 0.300000 0.333333 0.366667 0.400000 0.433333 0.466667 0.500000
0.533333 0.566667 0.600000 0.633333 0.666667 0.700000 0.733333 0.766667 0.800000 0.833333</float_array>
        <technique_common>
          <accessor source="#mixamorig_Head-Matrix-animation-input-array" count="26">
            <param name="TIME" type="float"/>
          </accessor>
        </technique_common>
      </source>
      <source id="mixamorig_Head-Matrix-animation-output-transform">
        <float_array id="mixamorig_Head-Matrix-animation-output-transform-array" count="416">

0.993772 0.102204 -0.044410 0.000000 -0.072234 0.894269 0.441661 9.341900 0.084854 -0.435703 0.896082 2.841000 0.000000 0.000000 0.000000 1.000000
0.982219 0.180748 -0.050757 -0.000000 -0.150405 0.919393 0.363449 9.341900 0.112359 -0.349353 0.930230 2.841000 0.000000 0.000000 0.000000 1.000000
0.976190 0.200096 -0.083755 0.000000 -0.167428 0.940535 0.295570 9.341900 0.137917 -0.274510 0.951642 2.841000 0.000000 0.000000 0.000000 1.000000
0.977932 0.168969 -0.122873 0.000000 -0.131176 0.954346 0.268358 9.341900 0.162607 -0.246318 0.955451 2.841000 0.000000 0.000000 0.000000 1.000000
0.981518 0.122348 -0.147153 0.000000 -0.078598 0.958815 0.272938 9.341900 0.174486 -0.256328 0.950711 2.841000 0.000000 0.000000 0.000000 1.000000
0.985791 0.088104 -0.143014 0.000000 -0.043677 0.956565 0.288229 9.341900 0.162197 -0.277888 0.946821 2.841000 0.000000 0.000000 0.000000 1.000000
0.991866 0.092113 -0.087843 0.000000 -0.060740 0.949019 0.309312 9.341900 0.111856 -0.301461 0.946895 2.841000 0.000000 0.000000 0.000000 1.000000
0.992417 0.119737 -0.027789 0.000000 -0.103905 0.937967 0.330790 9.341900 0.065673 -0.325394 0.943295 2.841000 0.000000 0.000000 0.000000 1.000000
0.986218 0.164195 0.020344 0.000000 -0.160379 0.918526 0.361371 9.341900 0.040649 -0.359653 0.932200 2.841000 0.000000 0.000000 0.000000 1.000000
0.973478 0.209084 0.092870 0.000000 -0.228780 0.888169 0.398517 9.341900 0.000839 -0.409194 0.912447 2.841000 0.000000 0.000000 0.000000 1.000000
0.958519 0.226013 0.173663 0.000000 -0.280004 0.860546 0.425510 9.341900 -0.053274 -0.456486 0.888134 2.841000 0.000000 0.000000 0.000000 1.000000
0.951823 0.219143 0.214496 -0.000000 -0.293512 0.853609 0.430351 9.341900 -0.088787 -0.472576 0.876806 2.841000 0.000000 0.000000 0.000000 1.000000
0.951197 0.203657 0.231837 0.000000 -0.287209 0.859030 0.423767 9.341900 -0.112852 -0.469671 0.875599 2.841000 0.000000 0.000000 0.000000 1.000000
0.952399 0.185522 0.241903 -0.000000 -0.274183 0.868159 0.413672 9.341900 -0.133265 -0.460306 0.877701 2.841000 0.000000 0.000000 0.000000 1.000000
0.953573 0.170670 0.248132 0.000000 -0.261509 0.877891 0.401149 9.341900 -0.149369 -0.447414 0.881765 2.841000 0.000000 0.000000 0.000000 1.000000
0.953851 0.159144 0.254640 -0.000000 -0.251282 0.887297 0.386732 9.341900 -0.164395 -0.432871 0.886339 2.841000 0.000000 0.000000 0.000000 1.000000
0.951112 0.157395 0.265732 0.000000 -0.250514 0.896381 0.365711 9.341900 -0.180636 -0.414402 0.891988 2.841000 0.000000 0.000000 0.000000 1.000000
0.950094 0.148583 0.274308 -0.000000 -0.239921 0.910030 0.338058 9.341900 -0.199398 -0.386999 0.900262 2.841000 0.000000 0.000000 0.000000 1.000000
0.958406 0.108361 0.264038 -0.000000 -0.197706 0.919274 0.340364 9.341900 -0.205841 -0.378409 0.902461 2.841000 0.000000 0.000000 0.000000 1.000000
0.970513 0.051088 0.235573 0.000000 -0.138978 0.917089 0.373675 9.341900 -0.196951 -0.395396 0.897147 2.841000 0.000000 0.000000 0.000000 1.000000
0.981734 -0.002524 0.190244 -0.000000 -0.079962 0.901843 0.424600 9.341900 -0.172642 -0.432056 0.885168 2.841000 0.000000 0.000000 0.000000 1.000000
0.990108 -0.043056 0.133538 -0.000000 -0.025567 0.880455 0.473439 9.341900 -0.137959 -0.472170 0.870645 2.841000 0.000000 0.000000 0.000000 1.000000
0.995157 -0.059679 0.078114 0.000000 0.015066 0.877835 0.478726 9.341900 -0.097141 -0.475230 0.874483 2.841000 0.000000 0.000000 0.000000 1.000000
0.999876 -0.005636 0.014730 0.000000 -0.001425 0.897870 0.440257 9.341900 -0.015707 -0.440224 0.897751 2.841000 0.000000 0.000000 0.000000 1.000000
0.996258 0.077922 -0.037396 0.000000 -0.054685 0.903335 0.425435 9.341900 0.066932 -0.421798 0.904216 2.841000 0.000000 0.000000 0.000000 1.000000
0.993772 0.102204 -0.044410 0.000000 -0.072234 0.894269 0.441661 9.341900 0.084854 -0.435702 0.896082 2.841000 0.000000 0.000000 0.000000 1.000000</float_array>
        <technique_common>
          <accessor source="#mixamorig_Head-Matrix-animation-output-transform-array" count="26" stride="16">
            <param type="float4x4"/>
          </accessor>
        </technique_common>
      </source>
      <source id="mixamorig_Head-Interpolations">
        <Name_array id="mixamorig_Head-Interpolations-array" count="26">
 LINEAR LINEAR LINEAR LINEAR LINEAR LINEAR LINEAR LINEAR LINEAR LINEAR LINEAR
LINEAR LINEAR LINEAR LINEAR LINEAR LINEAR LINEAR LINEAR LINEAR LINEAR LINEAR LINEAR
LINEAR LINEAR LINEAR</Name_array>
        <technique_common>
          <accessor source="#mixamorig_Head-Interpolations-array" count="26">
            <param type="name"/>
          </accessor>
        </technique_common>
      </source>
      <sampler id="mixamorig_Head-Matrix-animation-transform">
        <input semantic="INPUT" source="#mixamorig_Head-Matrix-animation-input"/>
        <input semantic="OUTPUT" source="#mixamorig_Head-Matrix-animation-output-transform"/>
        <input semantic="INTERPOLATION" source="#mixamorig_Head-Interpolations"/>
      </sampler>
      <channel source="#mixamorig_Head-Matrix-animation-transform" target="mixamorig_Head/matrix"/>
    </animation>
    <animation id="mixamorig_RightShoulder-anim" name="mixamorig_RightShoulder">
      <source id="mixamorig_RightShoulder-Matrix-animation-input">
        <float_array id="mixamorig_RightShoulder-Matrix-animation-input-array" count="26">

0.000000 0.033333 0.066667 0.100000 0.133333 0.166667 0.200000 0.233333 0.266667 0.300000 0.333333 0.366667 0.400000 0.433333 0.466667 0.500000
0.533333 0.566667 0.600000 0.633333 0.666667 0.700000 0.733333 0.766667 0.800000 0.833333</float_array>
        <technique_common>
          <accessor source="#mixamorig_RightShoulder-Matrix-animation-input-array" count="26">
            <param name="TIME" type="float"/>
          </accessor>
        </technique_common>
      </source>
      <source id="mixamorig_RightShoulder-Matrix-animation-output-transform">
        <float_array id="mixamorig_RightShoulder-Matrix-animation-output-transform-array" count="416">

0.006051 -0.999882 -0.014107 -4.570000 -0.116540 0.013306 -0.993097 11.195800 0.993168 0.007653 -0.116446 -0.806600 0.000000 0.000000 0.000000 1.000000
0.055086 -0.998067 -0.028785 -4.570000 -0.131930 0.021300 -0.991030 11.195800 0.989727 0.058389 -0.130502 -0.806600 0.000000 0.000000 0.000000 1.000000
0.053299 -0.998318 -0.022824 -4.570000 -0.147499 0.014735 -0.988953 11.195800 0.987625 0.056077 -0.146465 -0.806600 0.000000 0.000000 0.000000 1.000000
0.039362 -0.998601 -0.035314 -4.570000 -0.150290 0.029023 -0.988216 11.195800 0.987858 0.044206 -0.148937 -0.806600 0.000000 0.000000 0.000000 1.000000
0.024503 -0.998096 -0.056606 -4.570000 -0.147306 0.052400 -0.987702 11.195800 0.988787 0.032540 -0.145742 -0.806600 0.000000 0.000000 0.000000 1.000000
0.029191 -0.995625 -0.088766 -4.570000 -0.142961 0.083732 -0.986180 11.195800 0.989298 0.041477 -0.139891 -0.806600 0.000000 0.000000 0.000000 1.000000
0.059466 -0.989715 -0.130107 -4.570000 -0.142364 0.120597 -0.982440 11.195800 0.988027 0.076944 -0.133728 -0.806600 0.000000 0.000000 0.000000 1.000000
0.094105 -0.980041 -0.175114 -4.570000 -0.144964 0.160531 -0.976327 11.195800 0.984952 0.117263 -0.126964 -0.806600 0.000000 0.000000 0.000000 1.000000
0.117008 -0.968049 -0.221788 -4.570000 -0.147707 0.203875 -0.967790 11.195800 0.982085 0.145998 -0.119133 -0.806600 0.000000 0.000000 0.000000 1.000000
0.110102 -0.955453 -0.273838 -4.570000 -0.143451 0.257352 -0.955611 11.195800 0.983514 0.144497 -0.108726 -0.806600 0.000000 0.000000 0.000000 1.000000
0.094389 -0.944364 -0.315067 -4.570000 -0.136436 0.301223 -0.943743 11.195800 0.986142 0.132066 -0.100413 -0.806600 0.000000 0.000000 0.000000 1.000000
0.077118 -0.948334 -0.307758 -4.570000 -0.134509 0.295959 -0.945683 11.195800 0.987907 0.114325 -0.104736 -0.806600 0.000000 0.000000 0.000000 1.000000
0.068947 -0.957466 -0.280187 -4.570000 -0.136670 0.269142 -0.953354 11.195800 0.988214 0.104024 -0.112300 -0.806600 0.000000 0.000000 0.000000 1.000000
0.061424 -0.963163 -0.261810 -4.570000 -0.137777 0.251612 -0.957971 11.195800 0.988557 0.094914 -0.117247 -0.806600 0.000000 0.000000 0.000000 1.000000
0.068659 -0.967742 -0.242406 -4.570000 -0.142367 0.230988 -0.962484 11.195800 0.987430 0.100594 -0.121915 -0.806600 0.000000 0.000000 0.000000 1.000000
0.052170 -0.969366 -0.240015 -4.570000 -0.138528 0.230994 -0.963043 11.195800 0.988983 0.083491 -0.122233 -0.806600 0.000000 0.000000 0.000000 1.000000
0.028153 -0.969526 -0.243365 -4.570000 -0.132494 0.237694 -0.962261 11.195800 0.990784 0.059335 -0.121765 -0.806600 0.000000 0.000000 0.000000 1.000000
0.004701 -0.967228 -0.253865 -4.570000 -0.125407 0.251293 -0.959752 11.195800 0.992094 0.036348 -0.120116 -0.806600 0.000000 0.000000 0.000000 1.000000
-0.023237 -0.967847 -0.250465 -4.570000 -0.118571 0.251432 -0.960585 11.195800 0.992674 0.007377 -0.120601 -0.806600 0.000000 0.000000 0.000000 1.000000
