<?xml version="1.0" encoding="utf-8"?>
<COLLADA xmlns="http://www.collada.org/2005/11/COLLADASchema" version="1.4.1">
  <asset>
    <contributor>
      <author>Mixamo</author>
      <authoring_tool>COLLADA Mixamo exporter</authoring_tool>
      <comments/>
    </contributor>
    <created>2023-03-14T04:27:00Z</created>
    <modified>2023-03-14T04:27:00Z</modified>
    <revision/>
    <title/>
    <unit meter="0.010000"/>
    <up_axis>Y_UP</up_axis>
  </asset>
  <library_animations>
    <animation id="mixamorig_Hips-anim" name="mixamorig_Hips">
      <source id="mixamorig_Hips-Matrix-animation-input">
        <float_array id="mixamorig_Hips-Matrix-animation-input-array" count="20">

0.000000 0.033333 0.066667 0.100000 0.133333 0.166667 0.200000 0.233333 0.266667 0.300000 0.333333 0.366667 0.400000 0.433333 0.466667 0.500000
0.533333 0.566667 0.600000 0.633333</float_array>
        <technique_common>
          <accessor source="#mixamorig_Hips-Matrix-animation-input-array" count="20">
            <param name="TIME" type="float"/>
          </accessor>
        </technique_common>
      </source>
      <source id="mixamorig_Hips-Matrix-animation-output-transform">
        <float_array id="mixamorig_Hips-Matrix-animation-output-transform-array" count="320">

0.992575 0.068059 -0.100808 0.355986 -0.082491 0.985733 -0.146720 94.853233 0.089384 0.153946 0.984028 1.885847 0.000000 0.000000 0.000000 1.000000
0.995600 0.039063 -0.085178 0.115258 -0.052021 0.986441 -0.155652 96.586662 0.077943 0.159399 0.984133 23.442608 0.000000 0.000000 0.000000 1.000000
0.997584 0.018423 -0.066986 -0.241741 -0.030478 0.982517 -0.183661 98.813049 0.062432 0.185259 0.980705 43.470860 0.000000 0.000000 0.000000 1.000000
0.998208 0.022559 -0.055427 -0.522373 -0.032770 0.981071 -0.190857 100.103500 0.050072 0.192331 0.980052 62.995049 0.000000 0.000000 0.000000 1.000000
0.999676 0.018445 -0.017542 -0.683221 -0.021016 0.986898 -0.159969 99.906723 0.014362 0.160286 0.986966 81.615387 0.000000 0.000000 0.000000 1.000000
0.998456 -0.004337 0.055378 -0.506320 0.011444 0.991622 -0.128663 97.864197 -0.054356 0.129098 0.990141 100.337280 0.000000 0.000000 0.000000 1.000000
0.991830 -0.041075 0.120771 -0.324730 0.056568 0.990186 -0.127797 95.700821 -0.114336 0.133585 0.984420 119.389015 0.000000 0.000000 0.000000 1.000000
0.984899 -0.091735 0.146831 0.222603 0.114458 0.981315 -0.154661 94.245041 -0.129900 0.169131 0.976996 135.923752 0.000000 0.000000 0.000000 1.000000
0.980783 -0.121082 0.152985 0.172639 0.149206 0.970719 -0.188263 92.839325 -0.125710 0.207472 0.970130 154.479843 0.000000 0.000000 0.000000 1.000000
0.984862 -0.084366 0.151422 0.309057 0.115596 0.970615 -0.211055 93.146423 -0.129167 0.225363 0.965675 176.644104 0.000000 0.000000 0.000000 1.000000
0.987302 -0.044367 0.152535 0.843614 0.077752 0.972294 -0.220451 94.319321 -0.138528 0.229512 0.963397 200.526627 0.000000 0.000000 0.000000 1.000000
0.987841 -0.021143 0.154022 1.358338 0.055960 0.972661 -0.225386 97.048607 -0.145046 0.231264 0.962018 221.647018 0.000000 0.000000 0.000000 1.000000
0.989060 -0.018123 0.146399 1.322666 0.051241 0.972836 -0.225751 99.184319 -0.138331 0.230783 0.963122 241.671371 0.000000 0.000000 0.000000 1.000000
0.990233 -0.014588 0.138654 1.353776 0.043884 0.976572 -0.210668 100.735855 -0.132333 0.214695 0.967675 260.335266 0.000000 0.000000 0.000000 1.000000
0.992378 -0.015938 0.122200 1.332548 0.038493 0.982076 -0.184513 100.263985 -0.117069 0.187810 0.975204 279.761261 0.000000 0.000000 0.000000 1.000000
0.996844 -0.020205 0.076769 1.342479 0.033102 0.984777 -0.170640 98.672729 -0.072153 0.172643 0.982338 298.111237 0.000000 0.000000 0.000000 1.000000
0.999971 -0.007090 -0.002924 1.035682 0.006461 0.984239 -0.176727 96.757240 0.004131 0.176703 0.984256 317.342010 0.000000 0.000000 0.000000 1.000000
0.996447 0.031150 -0.078256 0.532067 -0.044368 0.983866 -0.173316 95.627762 0.071594 0.176172 0.981752 336.335968 0.000000 0.000000 0.000000 1.000000
0.992280 0.067633 -0.103948 0.462235 -0.083413 0.984252 -0.155855 94.726723 0.091770 0.163323 0.982295 354.833923 0.000000 0.000000 0.000000 1.000000
0.992575 0.068059 -0.100807 0.355986 -0.082491 0.985732 -0.146720 94.853249 0.089384 0.153946 0.984028 376.735626 0.000000 0.000000 0.000000 1.000000</float_array>
        <technique_common>
          <accessor source="#mixamorig_Hips-Matrix-animation-output-transform-array" count="20" stride="16">
            <param type="float4x4"/>
          </accessor>
        </technique_common>
      </source>
      <source id="mixamorig_Hips-Interpolations">
        <Name_array id="mixamorig_Hips-Interpolations-array" count="20">
 LINEAR LINEAR LINEAR LINEAR LINEAR LINEAR LINEAR LINEAR LINEAR LINEAR LINEAR
LINEAR LINEAR LINEAR LINEAR LINEAR LINEAR LINEAR LINEAR LINEAR</Name_array>
        <technique_common>
          <accessor source="#mixamorig_Hips-Interpolations-array" count="20">
            <param type="name"/>
          </accessor>
        </technique_common>
      </source>
      <sampler id="mixamorig_Hips-Matrix-animation-transform">
        <input semantic="INPUT" source="#mixamorig_Hips-Matrix-animation-input"/>
        <input semantic="OUTPUT" source="#mixamorig_Hips-Matrix-animation-output-transform"/>
        <input semantic="INTERPOLATION" source="#mixamorig_Hips-Interpolations"/>
      </sampler>
      <channel source="#mixamorig_Hips-Matrix-animation-transform" target="mixamorig_Hips/matrix"/>
    </animation>
    <animation id="mixamorig_Spine-anim" name="mixamorig_Spine">
      <source id="mixamorig_Spine-Matrix-animation-input">
        <float_array id="mixamorig_Spine-Matrix-animation-input-array" count="20">

0.000000 0.033333 0.066667 0.100000 0.133333 0.166667 0.200000 0.233333 0.266667 0.300000 0.333333 0.366667 0.400000 0.433333 0.466667 0.500000
0.533333 0.566667 0.600000 0.633333</float_array>
        <technique_common>
          <accessor source="#mixamorig_Spine-Matrix-animation-input-array" count="20">
            <param name="TIME" type="float"/>
          </accessor>
        </technique_common>
      </source>
      <source id="mixamorig_Spine-Matrix-animation-output-transform">
        <float_array id="mixamorig_Spine-Matrix-animation-output-transform-array" count="320">

0.968514 -0.066830 0.239822 0.000000 0.083800 0.994598 -0.061261 10.182400 -0.234432 0.079429 0.968882 0.000000 0.000000 0.000000 0.000000 1.000000
0.961993 -0.037754 0.270452 0.000000 0.035768 0.999285 0.012268 10.182400 -0.270722 -0.002129 0.962655 0.000000 0.000000 0.000000 0.000000 1.000000
0.958160 -0.029659 0.284692 0.000000 0.004487 0.996051 0.088669 10.182400 -0.286198 -0.083682 0.954509 -0.000000 0.000000 0.000000 0.000000 1.000000
0.957436 -0.046877 0.284812 -0.000000 0.014947 0.993452 0.113265 10.182400 -0.288257 -0.104187 0.951868 -0.000000 0.000000 0.000000 0.000000 1.000000
0.970210 -0.023189 0.241154 0.000000 0.009675 0.998323 0.057071 10.182400 -0.242073 -0.053037 0.968807 0.000000 0.000000 0.000000 0.000000 1.000000
0.988037 0.042760 0.148168 0.000000 -0.039593 0.998921 -0.024261 10.182400 -0.149045 0.018105 0.988665 0.000000 0.000000 0.000000 0.000000 1.000000
0.993126 0.110994 0.037161 0.000000 -0.107694 0.990848 -0.081378 10.182400 -0.045853 0.076817 0.995990 0.000000 0.000000 0.000000 0.000000 1.000000
0.984199 0.167948 -0.056079 -0.000000 -0.172708 0.980384 -0.094973 10.182400 0.039029 0.103158 0.993899 0.000000 0.000000 0.000000 0.000000 1.000000
0.969379 0.204582 -0.135830 0.000000 -0.211781 0.976469 -0.040704 10.182400 0.124307 0.068223 0.989896 0.000000 0.000000 0.000000 0.000000 1.000000
0.960827 0.183790 -0.207443 0.000000 -0.173675 0.982581 0.066123 10.182400 0.215982 -0.027505 0.976010 0.000000 0.000000 0.000000 0.000000 1.000000
0.952328 0.147291 -0.267165 -0.000000 -0.104779 0.980374 0.166998 10.182400 0.286519 -0.131044 0.949070 0.000000 0.000000 0.000000 0.000000 1.000000
0.947532 0.115938 -0.297896 -0.000000 -0.051620 0.975174 0.215340 10.182400 0.315466 -0.188665 0.929993 0.000000 0.000000 0.000000 0.000000 1.000000
0.949835 0.107383 -0.293738 0.000000 -0.042744 0.974967 0.218204 10.182400 0.309816 -0.194702 0.930648 0.000000 0.000000 0.000000 0.000000 1.000000
0.957254 0.097425 -0.272347 0.000000 -0.046661 0.981249 0.187011 10.182400 0.285460 -0.166309 0.943851 0.000000 0.000000 0.000000 0.000000 1.000000
0.971607 0.074449 -0.224582 -0.000000 -0.047400 0.991210 0.123519 10.182400 0.231804 -0.109367 0.966595 -0.000000 0.000000 0.000000 0.000000 1.000000
0.990122 0.036681 -0.135322 0.000000 -0.032407 0.998908 0.033654 10.182400 0.136409 -0.028936 0.990230 0.000000 0.000000 0.000000 0.000000 1.000000
0.999866 -0.008923 -0.013714 0.000000 0.008185 0.998561 -0.053003 10.182400 0.014167 0.052884 0.998500 0.000000 0.000000 0.000000 0.000000 1.000000
0.993312 -0.053467 0.102336 0.000000 0.063859 0.992823 -0.101119 10.182400 -0.096195 0.106977 0.989597 0.000000 0.000000 0.000000 0.000000 1.000000
0.979598 -0.078741 0.184901 0.000000 0.098648 0.989978 -0.101051 10.182400 -0.175091 0.117229 0.977548 0.000000 0.000000 0.000000 0.000000 1.000000
0.968514 -0.066831 0.239822 0.000000 0.083800 0.994598 -0.061261 10.182400 -0.234432 0.079430 0.968882 0.000000 0.000000 0.000000 0.000000 1.000000</float_array>
        <technique_common>
          <accessor source="#mixamorig_Spine-Matrix-animation-output-transform-array" count="20" stride="16">
            <param type="float4x4"/>
          </accessor>
        </technique_common>
      </source>
      <source id="mixamorig_Spine-Interpolations">
        <Name_array id="mixamorig_Spine-Interpolations-array" count="20">
 LINEAR LINEAR LINEAR LINEAR LINEAR LINEAR LINEAR LINEAR LINEAR LINEAR LINEAR
LINEAR LINEAR LINEAR LINEAR LINEAR LINEAR LINEAR LINEAR LINEAR</Name_array>
        <technique_common>
          <accessor source="#mixamorig_Spine-Interpolations-array" count="20">
            <param type="name"/>
          </accessor>
        </technique_common>
      </source>
      <sampler id="mixamorig_Spine-Matrix-animation-transform">
        <input semantic="INPUT" source="#mixamorig_Spine-Matrix-animation-input"/>
        <input semantic="OUTPUT" source="#mixamorig_Spine-Matrix-animation-output-transform"/>
        <input semantic="INTERPOLATION" source="#mixamorig_Spine-Interpolations"/>
      </sampler>
      <channel source="#mixamorig_Spine-Matrix-animation-transform" target="mixamorig_Spine/matrix"/>
    </animation>
    <animation id="mixamorig_Spine1-anim" name="mixamorig_Spine1">
      <source id="mixamorig_Spine1-Matrix-animation-input">
        <float_array id="mixamorig_Spine1-Matrix-animation-input-array" count="20">

0.000000 0.033333 0.066667 0.100000 0.133333 0.166667 0.200000 0.233333 0.266667 0.300000 0.333333 0.366667 0.400000 0.433333 0.466667 0.500000
0.533333 0.566667 0.600000 0.633333</float_array>
        <technique_common>
          <accessor source="#mixamorig_Spine1-Matrix-animation-input-array" count="20">
            <param name="TIME" type="float"/>
          </accessor>
        </technique_common>
      </source>
      <source id="mixamorig_Spine1-Matrix-animation-output-transform">
        <float_array id="mixamorig_Spine1-Matrix-animation-output-transform-array" count="320">

0.999243 -0.027803 0.027219 0.000000 0.026142 0.997881 0.059586 10.002700 -0.028818 -0.058829 0.997852 -0.000000 0.000000 0.000000 0.000000 1.000000
0.999175 -0.025829 0.031353 0.000000 0.024712 0.999064 0.035509 10.002700 -0.032241 -0.034705 0.998877 -0.000000 0.000000 0.000000 0.000000 1.000000
0.999249 -0.015190 0.035654 0.000000 0.014857 0.999843 0.009607 10.002700 -0.035794 -0.009070 0.999318 0.000000 0.000000 0.000000 0.000000 1.000000
0.999255 -0.002574 0.038512 0.000000 0.002616 0.999996 -0.001042 10.002700 -0.038509 0.001142 0.999258 0.000000 0.000000 0.000000 0.000000 1.000000
0.999478 -0.005629 0.031798 0.000000 0.005518 0.999978 0.003584 10.002700 -0.031818 -0.003406 0.999488 0.000000 0.000000 0.000000 0.000000 1.000000
0.999529 -0.027416 0.013795 0.000000 0.027122 0.999411 0.021033 10.002700 -0.014364 -0.020649 0.999684 -0.000000 0.000000 0.000000 0.000000 1.000000
0.998625 -0.052014 -0.006584 0.000000 0.052275 0.997423 0.049144 10.002700 0.004011 -0.049421 0.998770 0.000000 0.000000 0.000000 0.000000 1.000000
0.997510 -0.067065 -0.021802 -0.000000 0.068266 0.995859 0.060035 10.002700 0.017685 -0.061374 0.997958 0.000000 0.000000 0.000000 0.000000 1.000000
0.996741 -0.073521 -0.033194 -0.000000 0.074540 0.996749 0.030590 10.002700 0.030837 -0.032965 0.998981 -0.000000 0.000000 0.000000 0.000000 1.000000
0.996902 -0.066578 -0.041869 0.000000 0.066200 0.997753 -0.010348 10.002700 0.042464 0.007545 0.999070 0.000000 0.000000 0.000000 0.000000 1.000000
0.997688 -0.049344 -0.046740 -0.000000 0.047782 0.998280 -0.033968 10.002700 0.048336 0.031656 0.998329 0.000000 0.000000 0.000000 0.000000 1.000000
0.998006 -0.041166 -0.047846 0.000000 0.039055 0.998257 -0.044245 10.002700 0.049584 0.042289 0.997874 0.000000 0.000000 0.000000 0.000000 1.000000
0.997777 -0.047462 -0.046781 -0.000000 0.045226 0.997835 -0.047751 10.002700 0.048946 0.045529 0.997763 0.000000 0.000000 0.000000 0.000000 1.000000
0.997266 -0.058242 -0.045470 0.000000 0.056295 0.997488 -0.042988 10.002700 0.047860 0.040311 0.998040 0.000000 0.000000 0.000000 0.000000 1.000000
0.997285 -0.061416 -0.040625 0.000000 0.060364 0.997821 -0.026654 10.002700 0.042173 0.024129 0.998819 0.000000 0.000000 0.000000 0.000000 1.000000
0.998528 -0.047171 -0.026760 0.000000 0.047142 0.998887 -0.001699 10.002700 0.026810 0.000435 0.999640 0.000000 0.000000 0.000000 0.000000 1.000000
0.999602 -0.027291 -0.007165 -0.000000 0.027454 0.999339 0.023819 10.002700 0.006510 -0.024006 0.999691 -0.000000 0.000000 0.000000 0.000000 1.000000
0.999750 -0.020082 0.009811 0.000000 0.019596 0.998688 0.047313 10.002700 -0.010748 -0.047109 0.998832 0.000000 0.000000 0.000000 0.000000 1.000000
0.999506 -0.023641 0.020708 0.000000 0.022273 0.997705 0.063946 10.002700 -0.022173 -0.063453 0.997738 -0.000000 0.000000 0.000000 0.000000 1.000000
0.999243 -0.027803 0.027219 -0.000000 0.026142 0.997881 0.059586 10.002700 -0.028818 -0.058830 0.997852 0.000000 0.000000 0.000000 0.000000 1.000000</float_array>
        <technique_common>
          <accessor source="#mixamorig_Spine1-Matrix-animation-output-transform-array" count="20" stride="16">
            <param type="float4x4"/>
          </accessor>
        </technique_common>
      </source>
      <source id="mixamorig_Spine1-Interpolations">
        <Name_array id="mixamorig_Spine1-Interpolations-array" count="20">
 LINEAR LINEAR LINEAR LINEAR LINEAR LINEAR LINEAR LINEAR LINEAR LINEAR LINEAR
LINEAR LINEAR LINEAR LINEAR LINEAR LINEAR LINEAR LINEAR LINEAR</Name_array>
        <technique_common>
          <accessor source="#mixamorig_Spine1-Interpolations-array" count="20">
            <param type="name"/>
          </accessor>
        </technique_common>
      </source>
      <sampler id="mixamorig_Spine1-Matrix-animation-transform">
        <input semantic="INPUT" source="#mixamorig_Spine1-Matrix-animation-input"/>
        <input semantic="OUTPUT" source="#mixamorig_Spine1-Matrix-animation-output-transform"/>
        <input semantic="INTERPOLATION" source="#mixamorig_Spine1-Interpolations"/>
      </sampler>
      <channel source="#mixamorig_Spine1-Matrix-animation-transform" target="mixamorig_Spine1/matrix"/>
    </animation>
    <animation id="mixamorig_Spine2-anim" name="mixamorig_Spine2">
      <source id="mixamorig_Spine2-Matrix-animation-input">
        <float_array id="mixamorig_Spine2-Matrix-animation-input-array" count="20">

0.000000 0.033333 0.066667 0.100000 0.133333 0.166667 0.200000 0.233333 0.266667 0.300000 0.333333 0.366667 0.400000 0.433333 0.466667 0.500000
0.533333 0.566667 0.600000 0.633333</float_array>
        <technique_common>
          <accessor source="#mixamorig_Spine2-Matrix-animation-input-array" count="20">
            <param name="TIME" type="float"/>
          </accessor>
        </technique_common>
      </source>
      <source id="mixamorig_Spine2-Matrix-animation-output-transform">
        <float_array id="mixamorig_Spine2-Matrix-animation-output-transform-array" count="320">

0.999290 -0.024912 0.028262 0.000000 0.023973 0.999165 0.033085 9.322100 -0.029063 -0.032384 0.999053 0.000000 0.000000 0.000000 0.000000 1.000000
0.999221 -0.022788 0.032208 0.000000 0.022468 0.999695 0.010254 9.322100 -0.032432 -0.009522 0.999429 0.000000 0.000000 0.000000 0.000000 1.000000
0.999258 -0.013111 0.036212 0.000000 0.013657 0.999796 -0.014863 9.322100 -0.036010 0.015346 0.999234 0.000000 0.000000 0.000000 0.000000 1.000000
0.999260 -0.001671 0.038418 0.000000 0.002708 0.999633 -0.026958 9.322100 -0.038359 0.027042 0.998898 0.000000 0.000000 0.000000 0.000000 1.000000
0.999489 -0.004961 0.031578 0.000000 0.005694 0.999715 -0.023166 9.322100 -0.031454 0.023334 0.999233 0.000000 0.000000 0.000000 0.000000 1.000000
0.999557 -0.025846 0.014758 0.000000 0.025898 0.999659 -0.003320 9.322100 -0.014667 0.003701 0.999886 0.000000 0.000000 0.000000 0.000000 1.000000
0.998673 -0.051252 -0.004984 0.000000 0.051360 0.998373 0.024761 9.322100 0.003706 -0.024984 0.999681 0.000000 0.000000 0.000000 0.000000 1.000000
0.997414 -0.068912 -0.020389 0.000000 0.069561 0.997031 0.033009 9.322100 0.018054 -0.034342 0.999247 0.000000 0.000000 0.000000 0.000000 1.000000
0.996714 -0.074917 -0.030798 0.000000 0.074893 0.997190 -0.001934 9.322100 0.030856 -0.000379 0.999524 -0.000000 0.000000 0.000000 0.000000 1.000000
0.997044 -0.066491 -0.038497 0.000000 0.064011 0.995994 -0.062437 9.322100 0.042495 0.059788 0.997306 -0.000000 0.000000 0.000000 0.000000 1.000000
0.997841 -0.049009 -0.043729 -0.000000 0.043832 0.992700 -0.112367 9.322100 0.048917 0.110208 0.992704 -0.000000 0.000000 0.000000 0.000000 1.000000
0.998209 -0.038772 -0.045563 0.000000 0.032142 0.989888 -0.138160 9.322100 0.050459 0.136448 0.989361 0.000000 0.000000 0.000000 0.000000 1.000000
0.998012 -0.044154 -0.044972 0.000000 0.037214 0.988743 -0.144919 9.322100 0.050865 0.142958 0.988421 -0.000000 0.000000 0.000000 0.000000 1.000000
0.997474 -0.056336 -0.043254 -0.000000 0.050139 0.989849 -0.132987 9.322100 0.050307 0.130482 0.990174 -0.000000 0.000000 0.000000 0.000000 1.000000
0.997507 -0.059629 -0.037742 0.000000 0.055723 0.993701 -0.097230 9.322100 0.043302 0.094885 0.994546 0.000000 0.000000 0.000000 0.000000 1.000000
0.998568 -0.047419 -0.024764 0.000000 0.046227 0.997839 -0.046694 9.322100 0.026925 0.045483 0.998602 0.000000 0.000000 0.000000 0.000000 1.000000
0.999509 -0.030630 -0.006556 0.000000 0.030609 0.999526 -0.003171 9.322100 0.006650 0.002969 0.999973 0.000000 0.000000 0.000000 0.000000 1.000000
0.999697 -0.022329 0.010352 -0.000000 0.022075 0.999467 0.024058 9.322100 -0.010883 -0.023822 0.999657 0.000000 0.000000 0.000000 0.000000 1.000000
0.999507 -0.022692 0.021703 -0.000000 0.021858 0.999043 0.037895 9.322100 -0.022542 -0.037401 0.999046 0.000000 0.000000 0.000000 0.000000 1.000000
0.999290 -0.024912 0.028262 0.000000 0.023973 0.999165 0.033085 9.322100 -0.029063 -0.032384 0.999053 0.000000 0.000000 0.000000 0.000000 1.000000</float_array>
        <technique_common>
          <accessor source="#mixamorig_Spine2-Matrix-animation-output-transform-array" count="20" stride="16">
            <param type="float4x4"/>
          </accessor>
        </technique_common>
      </source>
      <source id="mixamorig_Spine2-Interpolations">
        <Name_array id="mixamorig_Spine2-Interpolations-array" count="20">
 LINEAR LINEAR LINEAR LINEAR LINEAR LINEAR LINEAR LINEAR LINEAR LINEAR LINEAR
LINEAR LINEAR LINEAR LINEAR LINEAR LINEAR LINEAR LINEAR LINEAR</Name_array>
        <technique_common>
          <accessor source="#mixamorig_Spine2-Interpolations-array" count="20">
            <param type="name"/>
          </accessor>
        </technique_common>
      </source>
      <sampler id="mixamorig_Spine2-Matrix-animation-transform">
        <input semantic="INPUT" source="#mixamorig_Spine2-Matrix-animation-input"/>
        <input semantic="OUTPUT" source="#mixamorig_Spine2-Matrix-animation-output-transform"/>
        <input semantic="INTERPOLATION" source="#mixamorig_Spine2-Interpolations"/>
      </sampler>
      <channel source="#mixamorig_Spine2-Matrix-animation-transform" target="mixamorig_Spine2/matrix"/>
    </animation>
    <animation id="mixamorig_Neck-anim" name="mixamorig_Neck">
      <source id="mixamorig_Neck-Matrix-animation-input">
        <float_array id="mixamorig_Neck-Matrix-animation-input-array" count="20">

0.000000 0.033333 0.066667 0.100000 0.133333 0.166667 0.200000 0.233333 0.266667 0.300000 0.333333 0.366667 0.400000 0.433333 0.466667 0.500000
0.533333 0.566667 0.600000 0.633333</float_array>
        <technique_common>
          <accessor source="#mixamorig_Neck-Matrix-animation-input-array" count="20">
            <param name="TIME" type="float"/>
          </accessor>
        </technique_common>
      </source>
      <source id="mixamorig_Neck-Matrix-animation-output-transform">
        <float_array id="mixamorig_Neck-Matrix-animation-output-transform-array" count="320">

0.997638 0.058167 -0.036530 0.000000 -0.060826 0.995212 -0.076500 16.865299 0.031905 0.078541 0.996400 0.000000 0.000000 0.000000 0.000000 1.000000
0.997311 0.055354 -0.048035 0.000000 -0.059950 0.993158 -0.100212 16.865299 0.042159 0.102823 0.993806 0.000000 0.000000 0.000000 0.000000 1.000000
0.997083 0.052296 -0.055591 0.000000 -0.057188 0.994262 -0.090398 16.865299 0.050545 0.093313 0.994353 0.000000 0.000000 0.000000 0.000000 1.000000
0.996757 0.056302 -0.057497 0.000000 -0.059849 0.996282 -0.061969 16.865299 0.053795 0.065209 0.996421 0.000000 0.000000 0.000000 0.000000 1.000000
0.995863 0.074822 -0.051571 0.000000 -0.077046 0.996118 -0.042588 16.865299 0.048184 0.046385 0.997761 0.000000 0.000000 0.000000 0.000000 1.000000
0.994636 0.095298 -0.040211 0.000000 -0.097040 0.994315 -0.043840 16.865299 0.035804 0.047507 0.998229 0.000000 0.000000 0.000000 0.000000 1.000000
0.994640 0.099902 -0.026667 -0.000000 -0.101199 0.993465 -0.052782 16.865299 0.021220 0.055198 0.998250 0.000000 0.000000 0.000000 0.000000 1.000000
0.996559 0.081930 -0.012546 0.000000 -0.082444 0.995431 -0.048172 16.865299 0.008542 0.049041 0.998760 0.000000 0.000000 0.000000 0.000000 1.000000
0.998655 0.051817 0.001805 0.000000 -0.051749 0.998290 -0.027197 16.865299 -0.003211 0.027067 0.999628 0.000000 0.000000 0.000000 0.000000 1.000000
0.999509 0.027295 0.015367 0.000000 -0.027210 0.999613 -0.005703 16.865299 -0.015517 0.005282 0.999866 -0.000000 0.000000 0.000000 0.000000 1.000000
0.999507 0.017637 0.025987 0.000000 -0.017764 0.999831 0.004632 16.865299 -0.025901 -0.005091 0.999652 0.000000 0.000000 0.000000 0.000000 1.000000
0.999336 0.017834 0.031769 0.000000 -0.018101 0.999803 0.008126 16.865299 -0.031618 -0.008695 0.999462 0.000000 0.000000 0.000000 0.000000 1.000000
0.999316 0.017928 0.032335 0.000000 -0.018383 0.999736 0.013810 16.865299 -0.032079 -0.014395 0.999382 0.000000 0.000000 0.000000 0.000000 1.000000
0.999471 0.015388 0.028657 0.000000 -0.016047 0.999609 0.022901 16.865299 -0.028293 -0.023349 0.999327 0.000000 0.000000 0.000000 0.000000 1.000000
0.999633 0.015709 0.022059 -0.000000 -0.016386 0.999389 0.030861 16.865299 -0.021560 -0.031211 0.999280 -0.000000 0.000000 0.000000 0.000000 1.000000
0.999631 0.023539 0.013525 0.000000 -0.023985 0.999142 0.033778 16.865299 -0.012718 -0.034090 0.999338 0.000000 0.000000 0.000000 0.000000 1.000000
0.999300 0.037255 0.003423 0.000000 -0.037336 0.998915 0.027836 16.865299 -0.002382 -0.027945 0.999607 -0.000000 0.000000 0.000000 0.000000 1.000000
0.998672 0.050827 -0.008401 0.000000 -0.050760 0.998679 0.008013 16.865299 0.008797 -0.007576 0.999933 -0.000000 0.000000 0.000000 0.000000 1.000000
0.998074 0.057901 -0.022259 -0.000000 -0.058565 0.997820 -0.030417 16.865299 0.020450 0.031662 0.999289 0.000000 0.000000 0.000000 0.000000 1.000000
0.997638 0.058167 -0.036530 0.000000 -0.060826 0.995212 -0.076500 16.865299 0.031905 0.078541 0.996400 -0.000000 0.000000 0.000000 0.000000 1.000000</float_array>
        <technique_common>
          <accessor source="#mixamorig_Neck-Matrix-animation-output-transform-array" count="20" stride="16">
            <param type="float4x4"/>
          </accessor>
        </technique_common>
      </source>
      <source id="mixamorig_Neck-Interpolations">
        <Name_array id="mixamorig_Neck-Interpolations-array" count="20">
 LINEAR LINEAR LINEAR LINEAR LINEAR LINEAR LINEAR LINEAR LINEAR LINEAR LINEAR
LINEAR LINEAR LINEAR LINEAR LINEAR LINEAR LINEAR LINEAR LINEAR</Name_array>
        <technique_common>
          <accessor source="#mixamorig_Neck-Interpolations-array" count="20">
            <param type="name"/>
          </accessor>
        </technique_common>
      </source>
      <sampler id="mixamorig_Neck-Matrix-animation-transform">
        <input semantic="INPUT" source="#mixamorig_Neck-Matrix-animation-input"/>
        <input semantic="OUTPUT" source="#mixamorig_Neck-Matrix-animation-output-transform"/>
        <input semantic="INTERPOLATION" source="#mixamorig_Neck-Interpolations"/>
      </sampler>
      <channel source="#mixamorig_Neck-Matrix-animation-transform" target="mixamorig_Neck/matrix"/>
    </animation>
    <animation id="mixamorig_Head-anim" name="mixamorig_Head">
      <source id="mixamorig_Head-Matrix-animation-input">
        <float_array id="mixamorig_Head-Matrix-animation-input-array" count="20">

0.000000 0.033333 0.066667 0.100000 0.133333 0.166667 0.200000 0.233333 0.266667 0.300000 0.333333 0.366667 0.400000 0.433333 0.466667 0.500000
0.533333 0.566667 0.600000 0.633333</float_array>
        <technique_common>
          <accessor source="#mixamorig_Head-Matrix-animation-input-array" count="20">
            <param name="TIME" type="float"/>
          </accessor>
        </technique_common>
      </source>
      <source id="mixamorig_Head-Matrix-animation-output-transform">
        <float_array id="mixamorig_Head-Matrix-animation-output-transform-array" count="320">

0.993232 0.018962 -0.114585 0.000000 0.020945 0.941166 0.337295 9.341900 0.114239 -0.337412 0.934399 2.841000 0.000000 0.000000 0.000000 1.000000
0.984829 0.026881 -0.171436 0.000000 0.027035 0.952099 0.304593 9.341900 0.171411 -0.304606 0.936927 2.841000 0.000000 0.000000 0.000000 1.000000
0.977517 0.033767 -0.208135 0.000000 0.026028 0.960221 0.278024 9.341900 0.209244 -0.277190 0.937754 2.841000 0.000000 0.000000 0.000000 1.000000
0.974699 0.031957 -0.221227 -0.000000 0.030670 0.961245 0.273986 9.341900 0.221409 -0.273838 0.935944 2.841000 0.000000 0.000000 0.000000 1.000000
0.977395 0.023060 -0.210161 -0.000000 0.039715 0.956314 0.289632 9.341900 0.207659 -0.291431 0.933780 2.841000 0.000000 0.000000 0.000000 1.000000
0.983545 0.011333 -0.180306 0.000000 0.048332 0.945146 0.323051 9.341900 0.174077 -0.326450 0.929047 2.841000 0.000000 0.000000 0.000000 1.000000
0.990516 -0.002101 -0.137384 0.000000 0.052385 0.930135 0.363461 9.341900 0.127022 -0.367211 0.921424 2.841000 0.000000 0.000000 0.000000 1.000000
0.997018 -0.012021 -0.076226 0.000000 0.040981 0.919468 0.391023 9.341900 0.065386 -0.392981 0.917219 2.841000 0.000000 0.000000 0.000000 1.000000
0.999854 -0.015162 0.007871 -0.000000 0.010926 0.921739 0.387656 9.341900 -0.013132 -0.387514 0.921770 2.841000 0.000000 0.000000 0.000000 1.000000
0.995111 -0.014466 0.097700 0.000000 -0.020849 0.936157 0.350965 9.341900 -0.096539 -0.351285 0.931278 2.841000 0.000000 0.000000 0.000000 1.000000
0.986898 -0.013319 0.160792 0.000000 -0.035960 0.953361 0.299684 9.341900 -0.157285 -0.301540 0.940391 2.841000 0.000000 0.000000 0.000000 1.000000
0.982845 -0.010470 0.184134 0.000000 -0.039186 0.963737 0.263962 9.341900 -0.180220 -0.266650 0.946794 2.841000 0.000000 0.000000 0.000000 1.000000
0.983236 -0.001131 0.182333 0.000000 -0.047885 0.963279 0.264199 9.341900 -0.175936 -0.268501 0.947076 2.841000 0.000000 0.000000 0.000000 1.000000
0.985799 0.014766 0.167279 0.000000 -0.063893 0.954189 0.292302 9.341900 -0.155300 -0.298839 0.941582 2.841000 0.000000 0.000000 0.000000 1.000000
0.990290 0.029420 0.135871 0.000000 -0.071878 0.944932 0.319275 9.341900 -0.118996 -0.325941 0.937871 2.841000 0.000000 0.000000 0.000000 1.000000
0.995242 0.036395 0.090376 0.000000 -0.064231 0.942581 0.327743 9.341900 -0.073259 -0.331989 0.940434 2.841000 0.000000 0.000000 0.000000 1.000000
0.998437 0.034290 0.044131 0.000000 -0.046918 0.943337 0.328504 9.341900 -0.030366 -0.330061 0.943471 2.841000 0.000000 0.000000 0.000000 1.000000
0.999691 0.024837 0.001331 -0.000000 -0.023828 0.940990 0.337594 9.341900 0.007132 -0.337521 0.941291 2.841000 0.000000 0.000000 0.000000 1.000000
0.998552 0.017302 -0.050944 -0.000000 0.001618 0.936797 0.349869 9.341900 0.053778 -0.349445 0.935412 2.841000 0.000000 0.000000 0.000000 1.000000
0.993232 0.018962 -0.114585 0.000000 0.020945 0.941166 0.337295 9.341900 0.114239 -0.337412 0.934399 2.841000 0.000000 0.000000 0.000000 1.000000</float_array>
        <technique_common>
          <accessor source="#mixamorig_Head-Matrix-animation-output-transform-array" count="20" stride="16">
            <param type="float4x4"/>
          </accessor>
        </technique_common>
      </source>
      <source id="mixamorig_Head-Interpolations">
        <Name_array id="mixamorig_Head-Interpolations-array" count="20">
 LINEAR LINEAR LINEAR LINEAR LINEAR LINEAR LINEAR LINEAR LINEAR LINEAR LINEAR
LINEAR LINEAR LINEAR LINEAR LINEAR LINEAR LINEAR LINEAR LINEAR</Name_array>
        <technique_common>
          <accessor source="#mixamorig_Head-Interpolations-array" count="20">
            <param type="name"/>
          </accessor>
        </technique_common>
      </source>
      <sampler id="mixamorig_Head-Matrix-animation-transform">
        <input semantic="INPUT" source="#mixamorig_Head-Matrix-animation-input"/>
        <input semantic="OUTPUT" source="#mixamorig_Head-Matrix-animation-output-transform"/>
        <input semantic="INTERPOLATION" source="#mixamorig_Head-Interpolations"/>
      </sampler>
      <channel source="#mixamorig_Head-Matrix-animation-transform" target="mixamorig_Head/matrix"/>
    </animation>
    <animation id="mixamorig_RightShoulder-anim" name="mixamorig_RightShoulder">
      <source id="mixamorig_RightShoulder-Matrix-animation-input">
        <float_array id="mixamorig_RightShoulder-Matrix-animation-input-array" count="20">

0.000000 0.033333 0.066667 0.100000 0.133333 0.166667 0.200000 0.233333 0.266667 0.300000 0.333333 0.366667 0.400000 0.433333 0.466667 0.500000
0.533333 0.566667 0.600000 0.633333</float_array>
        <technique_common>
          <accessor source="#mixamorig_RightShoulder-Matrix-animation-input-array" count="20">
            <param name="TIME" type="float"/>
          </accessor>
        </technique_common>
      </source>
      <source id="mixamorig_RightShoulder-Matrix-animation-output-transform">
        <float_array id="mixamorig_RightShoulder-Matrix-animation-output-transform-array" count="320">

-0.122001 -0.985142 0.120872 -4.570000 -0.169482 -0.099315 -0.980516 11.195800 0.977953 -0.140110 -0.154847 -0.806600 0.000000 0.000000 0.000000 1.000000
-0.132603 -0.985606 0.104865 -4.570000 -0.164061 -0.082514 -0.982993 11.195800 0.977497 -0.147552 -0.150758 -0.806600 0.000000 0.000000 0.000000 1.000000
-0.137209 -0.985267 0.102095 -4.570000 -0.162527 -0.079279 -0.983514 11.195800 0.977118 -0.151541 -0.149254 -0.806600 0.000000 0.000000 0.000000 1.000000
-0.131046 -0.985956 0.103524 -4.570000 -0.163920 -0.081437 -0.983106 11.195800 0.977731 -0.145802 -0.150945 -0.806600 0.000000 0.000000 0.000000 1.000000
-0.125033 -0.986745 0.103443 -4.570000 -0.164963 -0.082135 -0.982874 11.195800 0.978342 -0.139956 -0.152507 -0.806600 0.000000 0.000000 0.000000 1.000000
-0.115922 -0.987275 0.108858 -4.570000 -0.167567 -0.088587 -0.981872 11.195800 0.979022 -0.132062 -0.155166 -0.806600 0.000000 0.000000 0.000000 1.000000
-0.100732 -0.988066 0.116526 -4.570000 -0.171424 -0.098134 -0.980298 11.195800 0.980034 -0.118722 -0.159493 -0.806600 0.000000 0.000000 0.000000 1.000000
-0.106462 -0.987005 0.120362 -4.570000 -0.171813 -0.100968 -0.979942 11.195800 0.979360 -0.125006 -0.158831 -0.806600 0.000000 0.000000 0.000000 1.000000
-0.154565 -0.983976 0.088890 -4.570000 -0.157925 -0.064208 -0.985361 11.195800 0.975279 -0.166340 -0.145470 -0.806600 0.000000 0.000000 0.000000 1.000000
-0.191245 -0.980748 0.039478 -4.570000 -0.138334 -0.012887 -0.990302 11.195800 0.971745 -0.194852 -0.133206 -0.806600 0.000000 0.000000 0.000000 1.000000
-0.195250 -0.980753 0.000823 -4.570000 -0.128109 0.024673 -0.991453 11.195800 0.972351 -0.193687 -0.130460 -0.806600 0.000000 0.000000 0.000000 1.000000
-0.196836 -0.980096 -0.025819 -4.570000 -0.121851 0.050585 -0.991259 11.195800 0.972835 -0.191969 -0.129383 -0.806600 0.000000 0.000000 0.000000 1.000000
-0.191796 -0.981261 -0.018454 -4.570000 -0.124666 0.043009 -0.991266 11.195800 0.973485 -0.187821 -0.130579 -0.806600 0.000000 0.000000 0.000000 1.000000
-0.175865 -0.984277 0.016433 -4.570000 -0.135889 0.007740 -0.990694 11.195800 0.974990 -0.176462 -0.135113 -0.806600 0.000000 0.000000 0.000000 1.000000
-0.161646 -0.985118 0.058414 -4.570000 -0.148119 -0.034302 -0.988375 11.195800 0.975670 -0.168419 -0.140370 -0.806600 0.000000 0.000000 0.000000 1.000000
-0.146260 -0.982335 0.116733 -4.570000 -0.164676 -0.092178 -0.982031 11.195800 0.975444 -0.162855 -0.148285 -0.806600 0.000000 0.000000 0.000000 1.000000
-0.124650 -0.978443 0.164655 -4.570000 -0.178863 -0.141072 -0.973708 11.195800 0.975946 -0.150823 -0.157422 -0.806600 0.000000 0.000000 0.000000 1.000000
-0.114461 -0.980176 0.161723 -4.570000 -0.179566 -0.139699 -0.973776 11.195800 0.977064 -0.140499 -0.160017 -0.806600 0.000000 0.000000 0.000000 1.000000
-0.115315 -0.983210 0.141421 -4.570000 -0.174991 -0.120036 -0.977225 11.195800 0.977794 -0.137436 -0.158211 -0.806600 0.000000 0.000000 0.000000 1.000000
-0.122001 -0.985142 0.120872 -4.570000 -0.169482 -0.099315 -0.980516 11.195800 0.977953 -0.140110 -0.154847 -0.806600 0.000000 0.000000 0.000000 1.000000</float_array>
        <technique_common>
          <accessor source="#mixamorig_RightShoulder-Matrix-animation-output-transform-array" count="20" stride="16">
            <param type="float4x4"/>
          </accessor>
        </technique_common>
      </source>
      <source id="mixamorig_RightShoulder-Interpolations">
        <Name_array id="mixamorig_RightShoulder-Interpolations-array" count="20">
 LINEAR LINEAR LINEAR LINEAR LINEAR LINEAR LINEAR LINEAR LINEAR LINEAR LINEAR
LINEAR LINEAR LINEAR LINEAR LINEAR LINEAR LINEAR LINEAR LINEAR</Name_array>
        <technique_common>
          <accessor source="#mixamorig_RightShoulder-Interpolations-array" count="20">
            <param type="name"/>
          </accessor>
        </technique_common>
      </source>
      <sampler id="mixamorig_RightShoulder-Matrix-animation-transform">
        <input semantic="INPUT" source="#mixamorig_RightShoulder-Matrix-animation-input"/>
        <input semantic="OUTPUT" source="#mixamorig_RightShoulder-Matrix-animation-output-transform"/>
        <input semantic="INTERPOLATION" source="#mixamorig_RightShoulder-Interpolations"/>
      </sampler>
      <channel source="#mixamorig_RightShoulder-Matrix-animation-transform" target="mixamorig_RightShoulder/matrix"/>
    </animation>
    <animation id="mixamorig_RightArm-anim" name="mixamorig_RightArm">
      <source id="mixamorig_RightArm-Matrix-animation-input">
        <float_array id="mixamorig_RightArm-Matrix-animation-input-array" count="20">

0.000000 0.033333 0.066667 0.100000 0.133333 0.166667 0.200000 0.233333 0.266667 0.300000 0.333333 0.366667 0.400000 0.433333 0.466667 0.500000
0.533333 0.566667 0.600000 0.633333</float_array>
        <technique_common>
          <accessor source="#mixamorig_RightArm-Matrix-animation-input-array" count="20">
            <param name="TIME" type="float"/>
          </accessor>
        </technique_common>
      </source>
      <source id="mixamorig_RightArm-Matrix-animation-output-transform">
        <float_array id="mixamorig_RightArm-Matrix-animation-output-transform-array" count="320">

0.905755 0.402454 -0.132813 0.000000 -0.362368 0.572937 -0.735141 10.838200 -0.219767 0.713985 0.664776 -0.000000 0.000000 0.000000 0.000000 1.000000
0.914756 0.380315 -0.136316 0.000000 -0.361097 0.618330 -0.698053 10.838200 -0.181192 0.687771 0.702951 -0.000000 0.000000 0.000000 0.000000 1.000000
0.926107 0.324726 -0.192037 0.000000 -0.361504 0.618282 -0.697884 10.838200 -0.107888 0.715738 0.689985 -0.000000 0.000000 0.000000 0.000000 1.000000
0.926079 0.240346 -0.290881 0.000000 -0.377176 0.567618 -0.731812 10.838200 -0.010779 0.787429 0.616312 0.000000 0.000000 0.000000 0.000000 1.000000
0.913718 0.094998 -0.395087 0.000000 -0.384185 0.518676 -0.763791 10.838200 0.132363 0.849677 0.510421 0.000000 0.000000 0.000000 0.000000 1.000000
0.886025 -0.105165 -0.451553 0.000000 -0.341515 0.510664 -0.789043 10.838200 0.313572 0.853324 0.416546 0.000000 0.000000 0.000000 0.000000 1.000000
0.852836 -0.304043 -0.424533 0.000000 -0.224216 0.521019 -0.823569 10.838200 0.471590 0.797557 0.376172 0.000000 0.000000 0.000000 0.000000 1.000000
0.824902 -0.437864 -0.357508 0.000000 -0.090129 0.522480 -0.847875 10.838200 0.558045 0.731635 0.391530 0.000000 0.000000 0.000000 0.000000 1.000000
0.767675 -0.524433 -0.368299 0.000000 -0.024448 0.550330 -0.834589 10.838200 0.640372 0.649698 0.409653 0.000000 0.000000 0.000000 0.000000 1.000000
0.624653 -0.619664 -0.475210 -0.000000 -0.003945 0.606027 -0.795434 10.838200 0.780892 0.498745 0.376112 0.000000 0.000000 0.000000 0.000000 1.000000
0.452203 -0.706979 -0.543776 0.000000 0.049186 0.628512 -0.776243 10.838200 0.890558 0.324274 0.318988 0.000000 0.000000 0.000000 0.000000 1.000000
0.382331 -0.785278 -0.486993 0.000000 0.120320 0.564856 -0.816371 10.838200 0.916158 0.253529 0.310446 0.000000 0.000000 0.000000 0.000000 1.000000
0.449289 -0.822487 -0.348789 0.000000 0.176740 0.464526 -0.867743 10.838200 0.875730 0.328222 0.354073 0.000000 0.000000 0.000000 0.000000 1.000000
0.587335 -0.776137 -0.229455 -0.000000 0.197183 0.412188 -0.889505 10.838200 0.784957 0.477192 0.395134 0.000000 0.000000 0.000000 0.000000 1.000000
0.724677 -0.666177 -0.176211 0.000000 0.165005 0.416035 -0.894253 10.838200 0.669041 0.618969 0.411414 0.000000 0.000000 0.000000 0.000000 1.000000
0.847993 -0.501326 -0.171989 0.000000 0.091573 0.458207 -0.884116 10.838200 0.522037 0.733975 0.434464 0.000000 0.000000 0.000000 0.000000 1.000000
0.952050 -0.242563 -0.186452 0.000000 -0.035308 0.518248 -0.854501 10.838200 0.303899 0.820111 0.484834 0.000000 0.000000 0.000000 0.000000 1.000000
0.977907 0.084437 -0.191230 0.000000 -0.206265 0.538370 -0.817076 10.838200 0.033961 0.838468 0.543892 0.000000 0.000000 0.000000 0.000000 1.000000
0.932479 0.321362 -0.164955 0.000000 -0.322264 0.533802 -0.781794 10.838200 -0.163186 0.782165 0.601322 -0.000000 0.000000 0.000000 0.000000 1.000000
0.905755 0.402454 -0.132813 0.000000 -0.362368 0.572937 -0.735141 10.838200 -0.219767 0.713985 0.664777 0.000000 0.000000 0.000000 0.000000 1.000000</float_array>
        <technique_common>
          <accessor source="#mixamorig_RightArm-Matrix-animation-output-transform-array" count="20" stride="16">
            <param type="float4x4"/>
          </accessor>
        </technique_common>
      </source>
      <source id="mixamorig_RightArm-Interpolations">
        <Name_array id="mixamorig_RightArm-Interpolations-array" count="20">
 LINEAR LINEAR LINEAR LINEAR LINEAR LINEAR LINEAR LINEAR LINEAR LINEAR LINEAR
LINEAR LINEAR LINEAR LINEAR LINEAR LINEAR LINEAR LINEAR LINEAR</Name_array>
        <technique_common>
          <accessor source="#mixamorig_RightArm-Interpolations-array" count="20">
            <param type="name"/>
          </accessor>
        </technique_common>
      </source>
